,condition,X_avg,X_std,n,rep1_idx,rep1_X,rep2_idx,rep2_X,rep3_idx,rep3_X,rep4_idx,rep4_X,rep5_idx,rep5_X,rep6_idx,rep6_X
0,control__wt_glc,4.441434199586869e-16,0.0009199954197979212,2.0,0.0,0.0006505350000001188,1.0,-0.0006505349999992305,,,,,,,,
1,fur__wt_dpd,0.647007556000001,0.1095884384957644,2.0,2.0,0.5695168280000011,3.0,0.7244982840000009,,,,,,,,
2,fur__wt_fe,-0.22254617299999913,0.0191441015136136,2.0,4.0,-0.2090092489999993,5.0,-0.23608309699999894,,,,,,,,
3,fur__delfur_dpd,0.30670648500000075,0.08400109655337945,2.0,6.0,0.24730874000000025,7.0,0.3661042300000013,,,,,,,,
4,fur__delfur_fe2,-0.14016070649999968,0.05021247631145795,2.0,8.0,-0.17566628900000048,9.0,-0.10465512399999888,,,,,,,,
5,acid__wt_ph5,0.46807128150000127,0.0227465185286593,2.0,10.0,0.4519870640000008,11.0,0.4841554990000017,,,,,,,,
6,acid__delgadx_ph5,0.5613739420000012,,1.0,12.0,0.5613739420000012,,,,,,,,,,
7,acid__delgadw_ph5,0.4014990555000013,0.0029617400875228835,2.0,13.0,0.39940478900000187,14.0,0.4035933220000008,,,,,,,,
8,acid__delgade_ph5,0.47708731000000176,0.027625694618881272,2.0,15.0,0.4575529940000021,16.0,0.4966216260000014,,,,,,,,
9,oxidative__wt_pq,-0.20170348099999957,0.005995769115501625,2.0,17.0,-0.1974638319999995,18.0,-0.20594312999999964,,,,,,,,
10,oxidative__deloxyr_pq,0.24331860900000057,0.018567494117321667,2.0,19.0,0.2301894080000011,20.0,0.25644781000000005,,,,,,,,
11,oxidative__delsoxr_pq,0.0635112255000001,0.12363263629476633,2.0,21.0,0.15093270099999945,22.0,-0.023910249999999245,,,,,,,,
12,oxidative__delsoxs_pq,0.14507861200000116,0.08647937288536284,2.0,23.0,0.08392846100000106,24.0,0.2062287630000013,,,,,,,,
13,nac_ntrc__wt_csn,0.07986319950000098,0.04745662238409181,2.0,25.0,0.04630630000000036,26.0,0.1134200990000016,,,,,,,,
14,nac_ntrc__wt_cytd,-0.187917313999999,0.14052462321639836,2.0,27.0,-0.08855139999999917,28.0,-0.28728322799999884,,,,,,,,
15,nac_ntrc__wt_gln,-0.1979479584999995,0.15394889060084016,2.0,29.0,-0.08908965399999946,30.0,-0.3068062629999995,,,,,,,,
16,nac_ntrc__bw_delnac_csn,0.5967805915000008,0.1864170094349925,2.0,31.0,0.46496386000000106,32.0,0.7285973230000007,,,,,,,,
17,nac_ntrc__bw_delnac_cytd,0.6832283895000009,0.0962181375008639,2.0,33.0,0.7512648870000014,34.0,0.6151918920000004,,,,,,,,
18,nac_ntrc__bw_delnac_gln,0.6575732860000016,0.037644882934558074,2.0,35.0,0.6309543340000019,36.0,0.6841922380000014,,,,,,,,
19,nac_ntrc__bw_delnac_nh4,0.7086006660000006,0.05013727904081097,2.0,37.0,0.7440530760000001,38.0,0.6731482560000009,,,,,,,,
20,misc__wt_no_te,0.5609158880000011,0.1039297570823496,2.0,39.0,0.4874264520000011,40.0,0.6344053240000012,,,,,,,,
21,misc__bw_delcbl,0.5083844280000003,0.019556674278806137,2.0,41.0,0.4945557709999999,42.0,0.5222130850000006,,,,,,,,
22,misc__bw_delfabr,0.43409741400000096,0.05763051647110384,2.0,43.0,0.4748483430000015,44.0,0.3933464850000004,,,,,,,,
23,misc__bw_delfadr,0.45079266550000074,0.10553450551666133,2.0,45.0,0.5254168300000011,46.0,0.3761685010000004,,,,,,,,
24,misc__nitr_031,0.5482763540000022,,1.0,47.0,0.5482763540000022,,,,,,,,,,
25,omics__wt_glu,0.5748351965000014,0.02591756575894793,2.0,48.0,0.556508710000001,49.0,0.5931616830000017,,,,,,,,
26,omics__wt_gly,0.8026374130000011,0.022439391647998234,2.0,50.0,0.8185044590000015,51.0,0.7867703670000008,,,,,,,,
27,omics__wt_thr,0.6334051320000009,0.04213470835338996,2.0,52.0,0.6036113940000014,53.0,0.6631988700000004,,,,,,,,
28,omics__bw_ac,-0.28470782549999907,0.13601195188457327,2.0,54.0,-0.3808827989999992,55.0,-0.18853285199999886,,,,,,,,
29,omics__bw_fum,0.013547581000000529,0.01692707002457998,2.0,56.0,0.02551682700000057,57.0,0.0015783350000004859,,,,,,,,
30,omics__bw_glc,0.21518617450000077,0.00103820033908904,2.0,58.0,0.21445205600000072,59.0,0.2159202930000008,,,,,,,,
31,omics__bw_pyr,0.1564138520000009,0.16757675665500438,2.0,60.0,0.2749085130000024,61.0,0.037919190999999415,,,,,,,,
32,ompr__wt_nacl,-0.004417898499998962,0.2979679040080014,2.0,62.0,-0.215113023999999,63.0,0.20627722700000106,,,,,,,,
33,ompr__bw_delompr_nacl,-0.04713140549999917,0.01888810269587229,2.0,64.0,-0.06048731099999838,65.0,-0.033775499999999965,,,,,,,,
34,minspan__wt_ade,0.2407089340000015,,1.0,66.0,0.2407089340000015,,,,,,,,,,
35,minspan__wt_glc,0.20870208333333432,0.05960133126385521,3.0,67.0,0.16173916800000132,68.0,0.27575167300000114,69.0,0.1886154090000005,,,,,,
36,minspan__wt_glc_anaero,0.9095876815000005,0.22527615876162152,2.0,70.0,0.7502933820000006,71.0,1.0688819810000003,,,,,,,,
37,minspan__wt_trp,0.4885417880000009,,1.0,72.0,0.4885417880000009,,,,,,,,,,
38,minspan__bw_delcra_glc,0.4817569470000009,,1.0,73.0,0.4817569470000009,,,,,,,,,,
39,minspan__bw_delcra_trp,0.18840505000000007,,1.0,74.0,0.18840505000000007,,,,,,,,,,
40,minspan__bw_delmntr,0.28300265900000104,,1.0,75.0,0.28300265900000104,,,,,,,,,,
41,minspan__bw_delnac_ade,0.6913530059999999,,1.0,76.0,0.6913530059999999,,,,,,,,,,
42,minspan__bw_delnac_glc,0.23188122200000105,,1.0,77.0,0.23188122200000105,,,,,,,,,,
43,cra_crp__wt_ac,0.4031435090000013,0.015626219821366274,2.0,78.0,0.41419291500000105,79.0,0.3920941030000016,,,,,,,,
44,cra_crp__wt_fru,0.5793766980000008,0.07729808772061582,2.0,80.0,0.6340347000000008,81.0,0.5247186960000008,,,,,,,,
45,cra_crp__delcra_ac,-0.038795909499999226,0.03758190588330596,2.0,82.0,-0.012221488999998977,83.0,-0.06537032999999948,,,,,,,,
46,cra_crp__delcra_fru,0.6812113895000014,0.03187094665134366,2.0,84.0,0.6586752270000016,85.0,0.7037475520000012,,,,,,,,
47,cra_crp__delcra_glc,0.493399568500001,0.04711446755481065,2.0,86.0,0.5267145280000012,87.0,0.4600846090000008,,,,,,,,
48,rpoB__wt_031,0.3505377920000008,,1.0,88.0,0.3505377920000008,,,,,,,,,,
49,rpoB__wt_044,0.35762817900000154,,1.0,89.0,0.35762817900000154,,,,,,,,,,
50,rpoB__wt_lb,0.3540224235,0.0397123521469839,2.0,90.0,0.3259415499999996,91.0,0.3821032970000005,,,,,,,,
51,rpoB__rpoBE546V_031,0.2661389240000016,,1.0,92.0,0.2661389240000016,,,,,,,,,,
52,rpoB__rpoBE546V_044,-0.09623763899999904,,1.0,93.0,-0.09623763899999904,,,,,,,,,,
53,rpoB__rpoBE546V_lb,0.8447782680000007,0.018231273328149958,2.0,94.0,0.8318868110000004,95.0,0.8576697250000009,,,,,,,,
54,rpoB__rpoBE546V_glc,0.4684628800000006,,1.0,96.0,0.4684628800000006,,,,,,,,,,
55,rpoB__rpoBE672K_glc,0.9094548130000009,0.04487004628460739,2.0,97.0,0.9411827270000009,98.0,0.8777268990000007,,,,,,,,
56,rpoB__rpoBE672K_lb,0.5382662530000006,0.014328845755089406,2.0,99.0,0.5281342290000008,100.0,0.5483982770000004,,,,,,,,
57,crp__wt_fru,0.21337112200000075,,1.0,101.0,0.21337112200000075,,,,,,,,,,
58,crp__wt_glyc,0.15210124999999985,0.013787450862288268,2.0,102.0,0.1423520499999995,103.0,0.1618504500000002,,,,,,,,
59,crp__delar1_glyc,0.9198485690000009,0.23879209971181684,2.0,104.0,1.0887000820000008,105.0,0.750997056000001,,,,,,,,
60,crp__delar1ar2_glyc,0.9563441416666668,0.05384250423618767,3.0,106.0,0.9429060749999998,107.0,1.0156329290000006,108.0,0.910493421,,,,,,
61,crp__delar2_glyc,0.45056748933333485,0.19910959591133526,3.0,109.0,0.2206569240000018,110.0,0.5662156970000023,111.0,0.5648298470000004,,,,,,
62,crp__delcrp_fru,0.6839991460000009,0.013058764289839096,3.0,112.0,0.6936734060000003,113.0,0.6691451380000011,114.0,0.6891788940000012,,,,,,
63,crp__delcrp_glc,0.6579960456666676,0.11982909583499426,3.0,115.0,0.7055449530000004,116.0,0.7467530910000004,117.0,0.5216900930000019,,,,,,
64,crp__delcrp_glyc,0.6501516870000005,0.030167013423008187,3.0,118.0,0.6835799009999999,119.0,0.6249543860000006,120.0,0.6419207740000008,,,,,,
65,glu__glu_ale3,0.6012537499999997,,1.0,121.0,0.6012537499999997,,,,,,,,,,
66,glu__glu_ale4,0.3707462270000015,,1.0,122.0,0.3707462270000015,,,,,,,,,,
67,glu__glu_ale5,0.13601755499999954,,1.0,123.0,0.13601755499999954,,,,,,,,,,
68,glu__glu_ale6,0.6648187630000013,,1.0,124.0,0.6648187630000013,,,,,,,,,,
69,glu__glu_ale8,0.5487865740000011,,1.0,125.0,0.5487865740000011,,,,,,,,,,
70,glu__glu_ale9,0.8297254240000012,,1.0,126.0,0.8297254240000012,,,,,,,,,,
71,glu__glu_ale10,0.8825947790000015,,1.0,127.0,0.8825947790000015,,,,,,,,,,
72,42c__wt_42c,1.1497092480000006,,1.0,128.0,1.1497092480000006,,,,,,,,,,
73,42c__42c_ale1,1.161051327000001,,1.0,129.0,1.161051327000001,,,,,,,,,,
74,42c__42c_ale2,0.4658483940000018,,1.0,130.0,0.4658483940000018,,,,,,,,,,
75,42c__42c_ale3,1.021021003000001,,1.0,131.0,1.021021003000001,,,,,,,,,,
76,42c__42c_ale4,0.7165766640000015,,1.0,132.0,0.7165766640000015,,,,,,,,,,
77,42c__42c_ale5,0.5865479620000009,,1.0,133.0,0.5865479620000009,,,,,,,,,,
78,42c__42c_ale6,1.00465715,,1.0,134.0,1.00465715,,,,,,,,,,
79,42c__42c_ale8,0.758671338000001,,1.0,135.0,0.758671338000001,,,,,,,,,,
80,42c__42c_ale9,0.8073780890000022,,1.0,136.0,0.8073780890000022,,,,,,,,,,
81,42c__42c_ale10,0.3654997280000014,,1.0,137.0,0.3654997280000014,,,,,,,,,,
82,ssw__wt_ac,-0.4938650819999992,,1.0,138.0,-0.4938650819999992,,,,,,,,,,
83,ssw__wt_glc,0.6101150040000007,,1.0,139.0,0.6101150040000007,,,,,,,,,,
84,ssw__wt_glyc,-0.1557118529999988,,1.0,140.0,-0.1557118529999988,,,,,,,,,,
85,ssw__wt_xyl,0.156470338000001,,1.0,141.0,0.156470338000001,,,,,,,,,,
86,ssw__glc_ale1,0.18784720400000052,,1.0,142.0,0.18784720400000052,,,,,,,,,,
87,ssw__glc_ale2,0.4555429170000007,,1.0,143.0,0.4555429170000007,,,,,,,,,,
88,ssw__glc_ale3,0.8834658160000011,,1.0,144.0,0.8834658160000011,,,,,,,,,,
89,ssw__glyc_ale1,0.2592682480000024,,1.0,145.0,0.2592682480000024,,,,,,,,,,
90,ssw__glyc_ale2,0.6736446340000022,,1.0,146.0,0.6736446340000022,,,,,,,,,,
91,ssw__xyl_ale1,0.15455154900000154,,1.0,147.0,0.15455154900000154,,,,,,,,,,
92,ssw__xyl_ale2,-0.035009271999999036,,1.0,148.0,-0.035009271999999036,,,,,,,,,,
93,ssw__xyl_ale3,-0.13202853099999867,,1.0,149.0,-0.13202853099999867,,,,,,,,,,
94,ssw__glc_ac_ac2,-0.2917376479999989,,1.0,150.0,-0.2917376479999989,,,,,,,,,,
95,ssw__glc_ac_glc1,-0.1788031169999975,,1.0,151.0,-0.1788031169999975,,,,,,,,,,
96,ssw__glc_glyc_glc,0.18537746000000066,,1.0,152.0,0.18537746000000066,,,,,,,,,,
97,ssw__glc_glyc_glyc,0.004987966000000732,,1.0,153.0,0.004987966000000732,,,,,,,,,,
98,ssw__glc_xyl_glc,-0.2792121649999997,,1.0,154.0,-0.2792121649999997,,,,,,,,,,
99,ssw__glc_xyl_xyl,-0.12258978099999852,,1.0,155.0,-0.12258978099999852,,,,,,,,,,
100,ica__wt_glc,-0.29389376733333245,0.14389539392346432,6.0,156.0,-0.3196452999999995,157.0,-0.3278355109999982,158.0,-0.3069946999999997,159.0,-0.5270291809999987,180.0,-0.15496490999999946,181.0,-0.1268930019999992
101,ica__arg_sbt,0.5657223505000006,0.04938737037905342,2.0,160.0,0.6006444950000009,161.0,0.5308002060000003,,,,,,,,
102,ica__cytd_rib,-1.2849998289999989,0.18830042440912917,2.0,162.0,-1.1518513219999988,163.0,-1.4181483359999991,,,,,,,,
103,ica__gth,-1.0173266054999992,0.25691824393927376,2.0,164.0,-0.8356579729999991,165.0,-1.1989952379999993,,,,,,,,
104,ica__leu_glcr,0.5873711950000011,0.0646037900009176,2.0,166.0,0.6330529730000016,167.0,0.5416894170000006,,,,,,,,
105,ica__met_glc,-0.11322797799999941,0.018449289905138014,2.0,168.0,-0.1001823599999998,169.0,-0.12627359599999902,,,,,,,,
106,ica__no3_anaero,-0.22831899349999898,0.09854974008743911,2.0,170.0,-0.15863380399999905,171.0,-0.2980041829999989,,,,,,,,
107,ica__phe_acgam,0.061312954000001245,0.057374826659027586,2.0,172.0,0.10188308300000236,173.0,0.02074282500000013,,,,,,,,
108,ica__thm_gal,0.20827124200000036,0.07112197667742803,2.0,174.0,0.15798040999999952,175.0,0.2585620740000012,,,,,,,,
109,ica__tyr_glcn,-0.1206037539999989,0.004928805793874003,2.0,176.0,-0.12408894599999876,177.0,-0.11711856199999905,,,,,,,,
110,ica__ura_pyr,-0.43535850999999903,0.08015408069611991,2.0,178.0,-0.4920360039999992,179.0,-0.3786810159999989,,,,,,,,
111,ica__bw_delpurR_cytd,-0.07540560849999924,0.3752431238953138,2.0,182.0,0.18993134900000094,183.0,-0.3407425659999994,,,,,,,,
112,ica__ade_glc,0.035475415000000954,0.44250807279056686,2.0,184.0,-0.27742504399999923,185.0,0.34837587400000114,,,,,,,,
113,ytf__wt_glc,-0.588039779499999,0.03111028501676428,2.0,186.0,-0.5660414859999987,187.0,-0.6100380729999992,,,,,,,,
114,ytf__delyafC,-0.6192129599999987,0.12307954797712499,2.0,188.0,-0.5321825769999986,189.0,-0.7062433429999988,,,,,,,,
115,ytf__delyeiE,-0.05725528649999933,0.049194038899795414,2.0,190.0,-0.022469847999999185,191.0,-0.09204072499999948,,,,,,,,
116,ytf__delyiaJ,-0.5896884834999985,0.11676487158198773,2.0,192.0,-0.5071232509999986,193.0,-0.6722537159999984,,,,,,,,
117,ytf__delyieP,-0.015389968499999185,0.023436190885047965,2.0,194.0,-0.031961857999998955,195.0,0.001181921000000585,,,,,,,,
118,ytf__wt_ph5,-0.24224776549999927,0.13359071785662752,2.0,196.0,-0.14778486299999916,197.0,-0.3367106679999994,,,,,,,,
119,ytf__wt_ph8,-0.23112368549999915,0.10683486357355414,2.0,198.0,-0.30666734199999895,199.0,-0.15558002899999934,,,,,,,,
120,ytf__delybaO,-0.4121803189999991,0.1730746886554225,2.0,200.0,-0.5345626049999987,201.0,-0.2897980329999994,,,,,,,,
121,ytf__delybaQ,-0.029081816999999344,0.05623082122516141,2.0,202.0,-0.06884301199999943,203.0,0.01067937800000074,,,,,,,,
122,ytf__delybiH,-0.6659782819999989,0.07532269724613044,2.0,204.0,-0.6127170919999987,205.0,-0.7192394719999989,,,,,,,,
123,ytf__delydcI_ph5,-0.30147635149999896,0.15340560066186498,2.0,206.0,-0.1930022109999987,207.0,-0.4099504919999992,,,,,,,,
124,ytf__delydcI_ph8,-0.24230649149999992,0.20567781468020155,2.0,208.0,-0.09687031399999936,209.0,-0.3877426690000005,,,,,,,,
125,ytf__delyddM,0.02436232150000084,0.061355978551355786,2.0,210.0,0.06774755000000088,211.0,-0.0190229069999992,,,,,,,,
126,ytf__delyheO,-0.2293496429999991,0.13711309038404387,2.0,212.0,-0.3263032390000005,213.0,-0.13239604699999766,,,,,,,,
127,fps__bw_glc,0.027089056500001707,0.08747853103063508,2.0,214.0,-0.034767605999998175,215.0,0.08894571900000159,,,,,,,,
128,fps__fps_thrA_ale1,0.5006338215000019,0.061172695059458305,2.0,216.0,0.5438894490000017,217.0,0.4573781940000021,,,,,,,,
129,fps__fps_thrA_ale2,0.4729828470000008,0.022654741018208056,2.0,218.0,0.4569635260000009,219.0,0.4890021680000008,,,,,,,,
130,fps__fps_serB_ale1,0.1806664885,0.05751791466594564,2.0,220.0,0.22133779599999934,221.0,0.13999518100000066,,,,,,,,
131,fps__fps_serB_ale4,-0.2255005664999996,0.043791255187851416,2.0,222.0,-0.25646565999999993,223.0,-0.1945354729999993,,,,,,,,
132,fps__fps_ptsI_ale1,-0.5284683099999987,0.00730640567656718,2.0,224.0,-0.5233019009999982,225.0,-0.5336347189999993,,,,,,,,
133,fps__fps_ptsI_ale3,-0.616588549999999,0.09869782451087507,2.0,226.0,-0.6863784509999986,227.0,-0.5467986489999994,,,,,,,,
134,pal__lyx_ale2_f6,-0.3502843219999976,,1.0,228.0,-0.3502843219999976,,,,,,,,,,
135,pal__lyx_ale2,-0.04883914399999911,0.04117762942555978,2.0,229.0,-0.019722162999999068,230.0,-0.07795612499999915,,,,,,,,
136,pal__lyx_ale4,-0.17188377249999887,0.018733626734241757,2.0,231.0,-0.15863709799999892,232.0,-0.1851304469999988,,,,,,,,
137,pal__5drib_ale10_f18,-0.4944428924999995,0.1887575767213409,2.0,233.0,-0.6279146549999997,234.0,-0.36097112999999936,,,,,,,,
138,pal__5drib_ale10,-0.15916596899999913,,1.0,235.0,-0.15916596899999913,,,,,,,,,,
139,pal__arab_ale14_f9,-0.18784204099999924,0.04967736406240496,2.0,236.0,-0.1527148399999998,237.0,-0.22296924199999868,,,,,,,,
140,pal__arab_ale14,-0.1730114484999996,0.07521887770719596,2.0,238.0,-0.2261992269999995,239.0,-0.11982366999999973,,,,,,,,
141,pal__arab_ale16,-0.13356251799999885,0.009728247816344186,2.0,240.0,-0.14044142799999906,241.0,-0.12668360799999867,,,,,,,,
142,pal__tartr_ale26_f10,-0.42213337249999894,0.14658101613178554,2.0,242.0,-0.31848494199999866,243.0,-0.5257818029999992,,,,,,,,
143,pal__tartr_ale26,-0.3809085294999992,0.04164810787216967,2.0,244.0,-0.4103581889999992,245.0,-0.3514588699999992,,,,,,,,
144,pal__tartr_ale28_f10,-0.6580143264999987,0.010241890889305239,2.0,246.0,-0.6507722159999982,247.0,-0.6652564369999991,,,,,,,,
145,pal__tartr_ale28,-0.4693646704999992,0.10466785140400793,2.0,248.0,-0.3953533229999993,249.0,-0.5433760179999991,,,,,,,,
146,efeU__delmenFentC_citr,-0.26261321349999855,0.1456766378723547,2.0,250.0,-0.3656221519999976,251.0,-0.15960427499999952,,,,,,,,
147,efeU__delmenFentC,-0.30082378049999914,0.01717151613172902,2.0,252.0,-0.3129658759999989,253.0,-0.28868168499999936,,,,,,,,
148,efeU__menFentC_ale39,0.1880489840000008,0.018533123070902276,2.0,254.0,0.20115388100000064,255.0,0.17494408700000094,,,,,,,,
149,efeU__menFentC_ale29,0.20641856600000089,0.0045090007405242626,2.0,256.0,0.20960691100000076,257.0,0.20323022100000102,,,,,,,,
150,efeU__menFentC_ale30,0.3384962135000005,0.0010996945874214303,2.0,258.0,0.3392738150000003,259.0,0.33771861200000064,,,,,,,,
151,efeU__menFentCubiC_ale36,0.5185834830000013,0.024439567629376636,2.0,260.0,0.5358648670000008,261.0,0.5013020990000019,,,,,,,,
152,efeU__menFentCubiC_ale37,0.09612796050000094,0.04464709480939281,2.0,262.0,0.06455769700000058,263.0,0.1276982240000013,,,,,,,,
153,efeU__menFentCubiC_ale38,-0.29374240149999986,0.037381380299656944,2.0,264.0,-0.3201750290000005,265.0,-0.2673097739999992,,,,,,,,
154,misc2__salc_glc,0.04397120500000096,0.021356567921268905,2.0,266.0,0.028869831000000627,267.0,0.05907257900000129,,,,,,,,
155,misc2__dbcn_glc,-0.5224393409999992,0.014704534416360245,2.0,268.0,-0.5120416649999999,269.0,-0.5328370169999985,,,,,,,,
156,misc2__tyr_glc,0.12172724950000102,0.0735621463178663,2.0,270.0,0.1737435420000013,271.0,0.06971095700000074,,,,,,,,
157,misc2__arg_cytd,-0.07242503699999903,0.047922811520966335,2.0,272.0,-0.10631158199999913,273.0,-0.038538491999998925,,,,,,,,
158,misc2__delyheO_pyr,-0.07681288199999914,0.024591201021749016,2.0,274.0,-0.05942427699999886,275.0,-0.09420148699999943,,,,,,,,
159,misc2__dellon_glc,0.7168058105000004,0.24601106951356858,2.0,276.0,0.5428497150000009,277.0,0.8907619059999998,,,,,,,,
160,nquinone__delubiC,0.13455199400000062,0.10121705081077174,2.0,278.0,0.20612325700000067,279.0,0.06298073100000058,,,,,,,,
161,nquinone__ubiC_ale1,0.14278267750000095,0.28890777734756995,2.0,280.0,0.3470713260000009,281.0,-0.061505970999998986,,,,,,,,
162,nquinone__ubiC_ale2,0.1756784795000006,0.10864768737061804,2.0,282.0,0.09885296300000056,283.0,0.2525039960000006,,,,,,,,
163,nquinone__ubiC_ale3,-0.1618451844999984,0.11344787609784747,2.0,284.0,-0.2420649469999976,285.0,-0.08162542199999923,,,,,,,,
164,nquinone__ubiC_ale4,-0.06539018499999916,0.05465871354697684,2.0,286.0,-0.1040397319999995,287.0,-0.026740637999998814,,,,,,,,
165,nquinone__delpdhR,-0.16812783999999906,0.16851987163811868,2.0,288.0,-0.0489662959999988,289.0,-0.2872893839999993,,,,,,,,
166,quinone__glu_ale4,0.1914632075000009,0.04839380049867181,2.0,290.0,0.15724362300000114,291.0,0.22568279200000066,,,,,,,,
167,quinone__delmenF,-0.1866464489999986,0.21561522397531263,2.0,292.0,-0.33910943599999843,293.0,-0.034183461999998783,,,,,,,,
168,quinone__menF_ale5,0.3139610645000013,0.04507474167694473,2.0,294.0,0.3458337200000008,295.0,0.28208840900000176,,,,,,,,
169,quinone__menF_ale6,0.0034140250000005423,0.2335292595029373,2.0,296.0,0.1685441480000005,297.0,-0.16171609799999942,,,,,,,,
170,quinone__menF_ale7,0.162879563500002,0.04816475588432318,2.0,298.0,0.1969371890000016,299.0,0.1288219380000024,,,,,,,,
171,quinone__menF_ale8,0.1029231655000009,0.03081261286087421,2.0,300.0,0.08113535800000092,301.0,0.12471097300000088,,,,,,,,
172,quinone__delmenFubiC,0.24968324150000054,0.09945169297060887,2.0,302.0,0.32000620800000057,303.0,0.1793602750000005,,,,,,,,
173,quinone__menFubiC_ale1,0.16287868849999976,0.007177546072297314,2.0,304.0,0.16795398000000006,305.0,0.15780339699999946,,,,,,,,
174,quinone__menFubiC_ale2,0.3102514695000007,0.008991859036242496,2.0,306.0,0.3038932650000001,307.0,0.3166096740000013,,,,,,,,
175,quinone__menFubiC_ale3,0.16624672600000068,0.018925919473638284,2.0,308.0,0.17962937200000084,309.0,0.1528640800000005,,,,,,,,
176,quinone__menFubiC_ale4,0.3318120985000008,0.013076451458271158,2.0,310.0,0.3410585460000011,311.0,0.32256565100000056,,,,,,,,
177,oxyR__wt_glc,-0.06232341899999927,0.054575215549826965,2.0,312.0,-0.023732913999999102,313.0,-0.10091392399999943,,,,,,,,
178,oxyR__wt_h2o2,-0.03457236949999931,0.006088803861808999,2.0,314.0,-0.038877803999999294,315.0,-0.030266934999999332,,,,,,,,
179,oxyR__glu_ale4,0.5864895610000005,0.1436973406329042,2.0,316.0,0.4848801970000007,317.0,0.6880989250000002,,,,,,,,
180,oxyR__glu_ale4_h2o2,0.5291794395000009,0.011188976984103378,2.0,318.0,0.5212676380000012,319.0,0.5370912410000006,,,,,,,,
181,oxyR__oxyR_ale17,0.26462779400000125,0.02425920024584549,2.0,320.0,0.28178163900000097,321.0,0.24747394900000155,,,,,,,,
182,oxyR__oxyR_ale17_h2o2,0.28711809450000114,0.10423784845666088,2.0,322.0,0.21341080500000054,323.0,0.36082538400000175,,,,,,,,
183,oxyR__oxyR_ale18,-0.028159755999999092,0.010487284519540332,2.0,324.0,-0.035575385999998765,325.0,-0.02074412599999942,,,,,,,,
184,oxyR__oxyR_ale18_h2o2,0.4266388035000004,0.05361846259822166,2.0,326.0,0.3887248250000006,327.0,0.4645527820000002,,,,,,,,
185,oxyR__oxyR_ale19,0.12026939500000111,0.1393287317011437,2.0,328.0,0.021749104000001296,329.0,0.21878968600000093,,,,,,,,
186,oxyR__oxyR_ale19_h2o2,0.01340566700000112,0.047924691010790485,2.0,330.0,0.04729354100000105,331.0,-0.02048220699999881,,,,,,,,
187,oxyR__oxyR_ale20,0.19617771300000086,0.11530094629157751,2.0,332.0,0.1146476320000005,333.0,0.27770779400000123,,,,,,,,
188,oxyR__oxyR_ale20_h2o2,0.3125232055000011,0.014143799445986946,2.0,334.0,0.32252438200000105,335.0,0.30252202900000125,,,,,,,,
189,svns_pgi__BmePgi24_15,-0.06146154749999999,0.1254706769338622,2.0,336.0,0.027259619000000512,337.0,-0.1501827140000005,,,,,,,,
190,svns_pgi__BmePgi24_26,-0.04160215599999972,0.0661585622492553,2.0,338.0,0.005179012000001038,339.0,-0.08838332400000047,,,,,,,,
191,svns_pgi__BmePgi24_41,0.04928024800000097,0.023370528242240396,2.0,340.0,0.06580570700000088,341.0,0.03275478900000106,,,,,,,,
192,svns_pgi__BmePgi24_52,0.14721420350000078,0.05111969996857307,2.0,342.0,0.18336129000000054,343.0,0.11106711700000103,,,,,,,,
193,svns_pgi__PaePgi2_34,0.343042414000001,0.05047172074932274,2.0,344.0,0.3073535180000011,345.0,0.3787313100000009,,,,,,,,
194,svns_pgi__PaePgi2_63,0.24493751300000088,0.11796804700419576,2.0,346.0,0.3283535190000011,347.0,0.16152150700000067,,,,,,,,
195,svns_pgi__PaePgi24_54,0.10523449250000105,0.050907707941360555,2.0,348.0,0.14123167800000136,349.0,0.06923730700000075,,,,,,,,
196,svns_pgi__PaePgi24_90,0.017728406500000734,0.0561261673002251,2.0,350.0,0.05741560000000056,351.0,-0.02195878699999909,,,,,,,,
197,abx_media__m9_ctrl,-0.22321149449999925,0.08253686579283834,2.0,352.0,-0.2815738719999992,353.0,-0.16484911699999927,,,,,,,,
198,abx_media__rpmi_ctrl,-0.46120081849999917,0.5543192823611073,2.0,354.0,-0.8531637419999987,355.0,-0.06923789499999966,,,,,,,,
199,abx_media__camhb_ctrl,-0.9739051949999991,0.007625315077522081,2.0,356.0,-0.979297106999999,357.0,-0.9685132829999992,,,,,,,,
200,abx_media__m9_mero,-0.44603364949999946,0.4946537620712242,2.0,358.0,-0.7958066789999991,359.0,-0.0962606199999998,,,,,,,,
201,abx_media__rpmi_mero,-0.5244976989999994,0.10062414460317391,2.0,360.0,-0.5956497139999994,361.0,-0.4533456839999994,,,,,,,,
202,abx_media__camhb_mero,-0.9580088339999988,0.008049686626465038,2.0,362.0,-0.963700821999999,363.0,-0.9523168459999988,,,,,,,,
203,abx_media__m9_trisulf,0.42686350800000117,0.016819940518802645,2.0,364.0,0.41497001400000144,365.0,0.4387570020000009,,,,,,,,
204,abx_media__rpmi_trisulf,-0.18206617749999898,0.06766292980490873,2.0,366.0,-0.2299110939999993,367.0,-0.13422126099999865,,,,,,,,
205,abx_media__camhb_trisulf,-0.12001835999999999,0.01501860155007951,2.0,368.0,-0.130638115,369.0,-0.10939860499999997,,,,,,,,
206,abx_media__m9_cef,0.11485654700000092,0.1957911883799002,2.0,370.0,0.2533018240000011,371.0,-0.02358872999999928,,,,,,,,
207,abx_media__rpmi_cef,-0.36168966649999934,0.04163268587327214,2.0,372.0,-0.39112842099999945,373.0,-0.33225091199999923,,,,,,,,
208,abx_media__camhb_cef,-0.2211513364999993,0.03478262711429296,2.0,374.0,-0.19655630499999965,375.0,-0.2457463679999989,,,,,,,,
209,abx_media__m9_cipro,0.48937464200000136,0.007966883008174703,2.0,376.0,0.4950080790000016,377.0,0.4837412050000012,,,,,,,,
210,abx_media__rpmi_cipro,-0.369037144,0.07846374334990608,2.0,378.0,-0.4245193889999994,379.0,-0.3135548990000005,,,,,,,,
211,abx_media__camhb_cipro,-0.12069475399999917,0.10832594600700376,2.0,380.0,-0.044096742999999,381.0,-0.19729276499999934,,,,,,,,
212,hot_tale__42c_ale3_30c,-0.6071779349999993,0.14585112283457502,2.0,382.0,-0.5040456169999992,383.0,-0.7103102529999994,,,,,,,,
213,hot_tale__42c_ale3_37c,-0.5851495474999995,0.030666390249592633,2.0,384.0,-0.5634651349999995,385.0,-0.6068339599999995,,,,,,,,
214,hot_tale__42c_ale3_44c,0.5285699585000012,0.0211149855965826,2.0,386.0,0.543500508000001,387.0,0.5136394090000014,,,,,,,,
215,hot_tale__hot_ale3_mid_30c,-0.25377070249999933,0.163717269555445,2.0,388.0,-0.13800511099999824,389.0,-0.3695362940000004,,,,,,,,
216,hot_tale__hot_ale3_mid_37c,-0.13109395849999927,0.1851371843448112,2.0,390.0,-0.2620057169999992,391.0,-0.0001821999999993551,,,,,,,,
217,hot_tale__hot_ale3_mid_44c,0.033738961000001386,0.39487699090010153,2.0,392.0,-0.24548123699999905,393.0,0.3129591590000018,,,,,,,,
218,hot_tale__hot_ale3_30c,-0.2607774169999986,0.04099962236446426,2.0,394.0,-0.2897685279999989,395.0,-0.2317863059999983,,,,,,,,
219,hot_tale__hot_ale3_37c,0.12495222800000105,0.006559184727682552,2.0,396.0,0.12031418400000148,397.0,0.12959027200000062,,,,,,,,
220,hot_tale__hot_ale3_44c,0.33398956200000063,0.18249957776314216,2.0,398.0,0.20494287300000116,399.0,0.4630362510000001,,,,,,,,
221,hot_tale__hot_ale4_30c,-0.4639698744999987,0.03192134215163899,2.0,400.0,-0.4413980769999988,401.0,-0.4865416719999986,,,,,,,,
222,hot_tale__hot_ale4_37c,-0.11422498749999876,0.24377214317016258,2.0,402.0,-0.28659792299999864,403.0,0.05814794800000112,,,,,,,,
223,hot_tale__hot_ale4_44c,0.4118943660000003,0.13235141210632861,2.0,404.0,0.5054809470000006,405.0,0.318307785,,,,,,,,
224,hot_tale__hot_ale8_30c,-0.32177523849999945,0.10180128859633969,2.0,406.0,-0.2497908569999989,407.0,-0.39375962,,,,,,,,
225,hot_tale__hot_ale8_37c,-0.1631805319999997,0.04385161028716051,2.0,408.0,-0.13217276099999875,409.0,-0.19418830300000067,,,,,,,,
226,hot_tale__hot_ale8_44c,0.6590664435000013,0.15660595039716502,2.0,410.0,0.7698035730000008,411.0,0.5483293140000018,,,,,,,,
227,hot_tale__hot_ale9_mid_30c,-0.3211553369999991,0.10478584701969156,2.0,412.0,-0.3952501199999992,413.0,-0.24706055399999904,,,,,,,,
228,hot_tale__hot_ale9_30c,-0.39247587649999893,0.08804887204663184,2.0,414.0,-0.3302159219999989,415.0,-0.4547358309999989,,,,,,,,
229,hot_tale__hot_ale9_mid_37c,-0.19107089349999917,0.10678235948083807,2.0,416.0,-0.11556436299999895,417.0,-0.2665774239999994,,,,,,,,
230,hot_tale__hot_ale9_37c,-0.139658150999999,0.049327631876858305,2.0,418.0,-0.1047782479999988,419.0,-0.17453805399999922,,,,,,,,
231,hot_tale__hot_ale9_mid_44c,0.3982503570000011,0.026341622645372383,2.0,420.0,0.3796240170000012,421.0,0.4168766970000011,,,,,,,,
232,hot_tale__hot_ale9_44c,0.5698343265000005,0.05273430052166827,2.0,422.0,0.6071231080000015,423.0,0.5325455449999996,,,,,,,,
233,hot_tale__hot_ale10_30c,-0.2466271249999994,0.02930880109115032,2.0,424.0,-0.2259026729999993,425.0,-0.26735157699999945,,,,,,,,
234,hot_tale__hot_ale10_37c,-0.16963111199999892,0.04727500978551772,2.0,426.0,-0.2030595919999989,427.0,-0.13620263199999896,,,,,,,,
235,hot_tale__hot_ale10_44c,0.2079327050000006,0.06811183442362385,2.0,428.0,0.15977036500000086,429.0,0.25609504500000035,,,,,,,,
236,hot_tale__hot_ale16_30c,-0.14271750999999888,0.04889735740050612,2.0,430.0,-0.1081418569999988,431.0,-0.17729316299999898,,,,,,,,
237,hot_tale__hot_ale16_37c,-0.07759847899999928,0.022168595206647324,2.0,432.0,-0.0932740429999992,433.0,-0.061922914999999364,,,,,,,,
238,hot_tale__hot_ale16_44c,0.3085994075000009,0.05325957055143037,2.0,434.0,0.3462596110000007,435.0,0.27093920400000115,,,,,,,,
239,pdhr_ale__pdhR-13_51,-0.3169397494999986,0.052421172425753663,2.0,436.0,-0.35400711599999823,437.0,-0.2798723829999989,,,,,,,,
240,pdhr_ale__pdhR-14_46,-0.2133081304999993,0.14088026045067595,2.0,438.0,-0.31292551799999924,439.0,-0.11369074299999934,,,,,,,,
241,pdhr_ale__pdhR-15_51,-0.469910234499999,0.04664038215650922,2.0,440.0,-0.4369305039999993,441.0,-0.5028899649999987,,,,,,,,
242,pdhr_ale__pdhR-16_49,-0.26600228549999905,0.06912767463207832,2.0,442.0,-0.3148829329999989,443.0,-0.2171216379999992,,,,,,,,
243,tcs__del_atoC_LiAcet,0.07813986650000082,0.10538033643937218,2.0,444.0,0.0036247160000009155,445.0,0.15265501700000073,,,,,,,,
244,tcs__del_atoC_LiCl,0.019909781000001295,0.07609752081532462,2.0,446.0,-0.033899291999999186,447.0,0.07371885400000178,,,,,,,,
245,tcs__del_atoC_m9,-0.18639643349999924,0.04242405008429055,2.0,448.0,-0.2163947669999988,449.0,-0.15639809999999965,,,,,,,,
246,tcs__del_baeR_etoh,-1.0907725409999989,0.07150108773551911,2.0,450.0,-1.1413314449999987,451.0,-1.040213636999999,,,,,,,,
247,tcs__del_baeR_lb,-1.576735162999999,0.053204384402693004,2.0,452.0,-1.539113981999999,453.0,-1.614356343999999,,,,,,,,
248,tcs__del_btsR_01xlb,-1.4015665134999984,0.04244031919711297,2.0,454.0,-1.4315763509999986,455.0,-1.3715566759999982,,,,,,,,
249,tcs__del_btsR_lb,0.6290387670000008,0.030238997233373546,2.0,456.0,0.6076565670000011,457.0,0.6504209670000005,,,,,,,,
250,tcs__del_btsR_pyruvate,-1.321486441499999,0.11913721200444186,2.0,458.0,-1.4057291719999991,459.0,-1.2372437109999987,,,,,,,,
251,tcs__del_cpxR_etoh,-1.2910660824999987,0.08711249154849919,2.0,460.0,-1.229468248999999,461.0,-1.3526639159999982,,,,,,,,
252,tcs__del_cpxR_lb,-1.5128548834999984,0.06569774712391592,2.0,462.0,-1.4663995609999985,463.0,-1.5593102059999984,,,,,,,,
253,tcs__del_cusR_CuSO4,0.40461293049999947,0.07876284174017437,2.0,464.0,0.3489191909999993,465.0,0.4603066699999996,,,,,,,,
254,tcs__del_cusR_lb,-0.5841836324999989,0.12753059919561094,2.0,466.0,-0.4940058809999988,467.0,-0.6743613839999991,,,,,,,,
255,tcs__del_kdpE_01-kcl,-0.43286934249999964,0.015610428005621063,2.0,468.0,-0.4218311030000006,469.0,-0.4439075819999987,,,,,,,,
256,tcs__del_kdpE_115-kcl,-0.19673686749999897,0.09076180034973909,2.0,470.0,-0.26091515199999904,471.0,-0.1325585829999989,,,,,,,,
257,tcs__del_phoB_m9,-0.10050035299999882,0.03937447177819505,2.0,472.0,-0.07265839699999876,473.0,-0.12834230899999888,,,,,,,,
258,tcs__del_phoB_m9p,-1.8011633109999996,0.12457595563174376,2.0,474.0,-1.7130748079999991,475.0,-1.889251814,,,,,,,,
259,tcs__del_rcsB_etoh,-0.5473928404999984,0.037462161592553556,2.0,476.0,-0.5209030919999975,477.0,-0.5738825889999992,,,,,,,,
260,tcs__del_rcsB_lb,-0.4879500629999991,0.01939675500917332,2.0,478.0,-0.4742344859999985,479.0,-0.5016656399999997,,,,,,,,
261,tcs__del_zraR_lb,0.5108762135000013,0.03951006445323414,2.0,480.0,0.5388140480000008,481.0,0.4829383790000019,,,,,,,,
262,tcs__del_zraR_zncl2,0.6316114255,0.0899399725643727,2.0,482.0,0.69520859,483.0,0.5680142610000001,,,,,,,,
263,tcs__wt_01-kcl,-0.555512870499999,0.06042887670840679,2.0,484.0,-0.5127832019999987,485.0,-0.5982425389999992,,,,,,,,
264,tcs__wt_01xlb,-1.483401066499999,0.10108150197635217,2.0,486.0,-1.5548764819999992,487.0,-1.4119256509999991,,,,,,,,
265,tcs__wt_115-kcl,-0.2076310104999992,0.006852206242272919,2.0,488.0,-0.20278576899999926,489.0,-0.2124762519999992,,,,,,,,
266,tcs__wt_CuSO4,0.20967792050000078,0.023636249778222353,2.0,490.0,0.19296456800000072,491.0,0.22639127300000084,,,,,,,,
267,tcs__wt_etoh,0.023860788000000795,0.023738708843709128,2.0,492.0,0.0070749860000010045,493.0,0.040646590000000586,,,,,,,,
268,tcs__wt_lb,-0.8384949999999991,0.1226169643777265,2.0,494.0,-0.7517917129999994,495.0,-0.9251982869999988,,,,,,,,
269,tcs__wt_LiAcet,-0.116655506499999,0.04697810059784552,2.0,496.0,-0.14987403999999938,497.0,-0.08343697299999864,,,,,,,,
270,tcs__wt_LiCl,-0.07291269899999975,0.05430772412557285,2.0,498.0,-0.03451133899999892,499.0,-0.11131405900000058,,,,,,,,
271,tcs__wt_m9p,-1.3464354349999987,0.09746424137575625,2.0,500.0,-1.4153530609999985,501.0,-1.277517808999999,,,,,,,,
272,tcs__wt_pyr,-1.577723456499998,0.045836960360657,2.0,502.0,-1.5453118309999985,503.0,-1.6101350819999976,,,,,,,,
273,tcs__wt_zncl2,0.5309690155000011,0.027608754461725785,2.0,504.0,0.5504913530000017,505.0,0.5114466780000004,,,,,,,,
274,ros_tale__0_0_0pq,-0.2815437589999985,0.027802170086688283,2.0,506.0,-0.3012028619999976,507.0,-0.26188465599999944,,,,,,,,
275,ros_tale__0_0_250pq,-0.038272279999999714,0.0262008574842293,2.0,508.0,-0.05679908400000056,509.0,-0.019745475999998874,,,,,,,,
276,ros_tale__1_mid_250pq,0.009612593500000877,0.042916800273187596,2.0,510.0,0.0399593540000005,511.0,-0.02073416699999875,,,,,,,,
277,ros_tale__1_0_0pq,-0.1358381939999993,0.02581386077131261,2.0,512.0,-0.11758503799999875,513.0,-0.15409134999999985,,,,,,,,
278,ros_tale__1_0_250pq,-0.07742318499999934,0.05731999194235878,2.0,514.0,-0.1179545399999995,515.0,-0.03689182999999918,,,,,,,,
279,ros_tale__1_0_750pq,-0.5395428644999991,0.13368349450895975,2.0,516.0,-0.6340713699999991,517.0,-0.4450143589999991,,,,,,,,
280,ros_tale__1_1_0pq,-0.7685635159999986,0.14368081130478738,2.0,518.0,-0.8701611919999985,519.0,-0.6669658399999987,,,,,,,,
281,ros_tale__1_1_250pq,-0.7817494349999992,0.09042514893253592,2.0,520.0,-0.8456896709999988,521.0,-0.7178091989999995,,,,,,,,
282,ros_tale__1_1_750pq,-0.6958892074999992,0.24598311475408122,2.0,522.0,-0.5219528789999996,523.0,-0.8698255359999987,,,,,,,,
283,ros_tale__1_2_0pq,-0.291948007999999,0.07435183256449361,2.0,524.0,-0.2393733229999988,525.0,-0.3445226929999992,,,,,,,,
284,ros_tale__1_2_250pq,-0.19362869249999992,0.08432700560436075,2.0,526.0,-0.13400049500000044,527.0,-0.2532568899999994,,,,,,,,
285,ros_tale__1_2_750pq,-0.330704074999999,0.10473157374580754,2.0,528.0,-0.2566476689999995,529.0,-0.4047604809999985,,,,,,,,
286,ros_tale__1_3_0pq,-0.6858666204999992,0.020138932165384937,2.0,530.0,-0.6716262449999997,531.0,-0.7001069959999988,,,,,,,,
287,ros_tale__1_3_250pq,-0.0018379964999988216,0.12872280349474996,4.0,532.0,0.12062564300000125,533.0,-0.14922079099999852,534.0,-0.06899992099999874,535.0,0.09024308300000072,,,,
288,ros_tale__1_3_750pq,-0.3669751864999995,0.24772248288450222,2.0,536.0,-0.1918089389999995,537.0,-0.5421414339999995,,,,,,,,
289,ros_tale__1_4_0pq,-0.13269656549999898,0.07523038940559405,2.0,538.0,-0.07950064699999881,539.0,-0.18589248399999914,,,,,,,,
290,ros_tale__1_4_250pq,-0.2928547020000005,0.1898741131780765,2.0,540.0,-0.4271159750000004,541.0,-0.15859342900000062,,,,,,,,
291,ros_tale__1_4_750pq,0.2500404815000008,0.4669430837653019,4.0,542.0,-0.16721380499999938,543.0,-0.13773684599999836,544.0,0.5996545620000013,545.0,0.7054580149999996,,,,
292,ros_tale__2_mid_250pq,0.24775981400000013,0.04418276253492357,2.0,546.0,0.2790017449999995,547.0,0.21651788300000074,,,,,,,,
293,ros_tale__2_0_0pq,0.06267523800000063,0.0650974212448634,2.0,548.0,0.10870606600000077,549.0,0.016644410000000498,,,,,,,,
294,ros_tale__2_0_250pq,-0.10571038899999996,0.058944583914271084,2.0,550.0,-0.06403027399999939,551.0,-0.14739050400000053,,,,,,,,
295,ros_tale__2_0_750pq,-0.0866039669999994,0.09949162541186336,2.0,552.0,-0.016252763999998976,553.0,-0.1569551699999998,,,,,,,,
296,ros_tale__2_1_0pq,-0.004821756999998872,0.03023502470747787,2.0,554.0,-0.026201147999999286,555.0,0.016557634000001542,,,,,,,,
297,ros_tale__2_1_250pq,0.1292692175000001,0.26084748782990336,2.0,556.0,0.31371624500000017,557.0,-0.05517781,,,,,,,,
298,ros_tale__2_1_750pq,-0.25972430466666613,0.21542873337979176,3.0,558.0,-0.03723253399999926,559.0,-0.4673164309999986,560.0,-0.2746239490000004,,,,,,
299,ros_tale__2_2_0pq,0.02288864250000123,0.1640131852580885,2.0,561.0,-0.09308619299999864,562.0,0.1388634780000011,,,,,,,,
300,ros_tale__2_2_250pq,-0.1404658164999999,0.015610205974094127,2.0,563.0,-0.1515038990000006,564.0,-0.12942773399999918,,,,,,,,
301,ros_tale__2_2_750pq,0.0855758195000007,0.041972459166911925,2.0,565.0,0.055896809000001824,566.0,0.1152548299999996,,,,,,,,
302,ros_tale__2_3_0pq,-0.10410646399999912,0.03909786150488927,2.0,567.0,-0.07646010099999945,568.0,-0.1317528269999988,,,,,,,,
303,ros_tale__2_3_250pq,0.15643775050000075,0.6764816081912297,2.0,569.0,-0.3219069819999989,570.0,0.6347824830000004,,,,,,,,
304,ros_tale__2_3_750pq,-0.16224267449999855,0.17654231556162497,2.0,571.0,-0.037408405999998166,572.0,-0.2870769429999989,,,,,,,,
305,ros_tale__3_0_0pq,0.14714651750000082,0.03390640160425078,2.0,573.0,0.12317107100000067,574.0,0.171121964000001,,,,,,,,
306,ros_tale__3_0_250pq,0.19676144250000105,0.17934591616728288,2.0,575.0,0.32357815600000084,576.0,0.06994472900000126,,,,,,,,
307,ros_tale__3_0_750pq,-0.7733237844999992,0.7593598276613664,2.0,577.0,-0.2363753009999989,578.0,-1.3102722679999994,,,,,,,,
308,ros_tale__3_1_0pq,-0.22370964999999865,0.07681761431965337,2.0,579.0,-0.2780279059999984,580.0,-0.16939139399999892,,,,,,,,
309,ros_tale__3_1_250pq,-0.32125751499999966,0.05232143147873504,2.0,581.0,-0.2842606759999988,582.0,-0.3582543540000005,,,,,,,,
310,ros_tale__3_1_750pq,-0.14886376950000058,0.10874807956298384,2.0,583.0,-0.0719672650000005,584.0,-0.22576027400000065,,,,,,,,
311,ros_tale__3_2_0pq,-0.343993331499999,0.16538470444420125,4.0,585.0,-0.15205166299999906,586.0,-0.32361098799999866,587.0,-0.555650631999999,588.0,-0.3446600429999993,,,,
312,ros_tale__3_2_250pq,-0.3515032619999987,0.1906224414561791,2.0,589.0,-0.2167128409999988,590.0,-0.4862936829999986,,,,,,,,
313,ros_tale__3_2_750pq,-0.4701276439999993,0.23902742767702292,2.0,591.0,-0.3011097289999993,592.0,-0.6391455589999993,,,,,,,,
314,ros_tale__3_3_0pq,-0.5995186144999993,0.2013195034210288,4.0,593.0,-0.5892634539999992,594.0,-0.8149933799999998,595.0,-0.33259730699999945,596.0,-0.6612203169999988,,,,
315,ros_tale__3_3_250pq,-0.505824910999999,0.23068340219603434,2.0,597.0,-0.6689427089999986,598.0,-0.34270711299999945,,,,,,,,
316,ros_tale__3_3_750pq,-0.5179303759999989,0.05206298819285116,2.0,599.0,-0.4811162839999987,600.0,-0.5547444679999991,,,,,,,,
317,ros_tale__3_4_0pq,-0.552320772999999,0.10036990011735805,2.0,601.0,-0.4813485359999987,602.0,-0.6232930099999994,,,,,,,,
318,ros_tale__3_4_250pq,0.25402507450000034,0.1101134730589715,2.0,603.0,0.17616309099999938,604.0,0.3318870580000013,,,,,,,,
319,ros_tale__3_4_750pq,0.07174377000000032,0.0638153758393888,2.0,605.0,0.02661948500000033,606.0,0.1168680550000003,,,,,,,,
320,pcoli__atASMT_325G,0.11081403550000068,0.05664485275164238,2.0,607.0,0.0707600760000009,608.0,0.15086799500000048,,,,,,,,
321,pcoli__bpTDC,0.1630929870000002,0.01814711206484036,2.0,609.0,0.15026104099999935,610.0,0.175924933000001,,,,,,,,
322,pcoli__BRCA,0.20374838100000092,0.07999919036991456,2.0,611.0,0.1471804110000008,612.0,0.26031635100000106,,,,,,,,
323,pcoli__BRCActrl,0.3381762985000005,0.06365181991958027,2.0,613.0,0.29316766500000035,614.0,0.3831849320000007,,,,,,,,
324,pcoli__BRCAswap,0.2075886240000009,0.06283888683041432,2.0,615.0,0.2520224270000009,616.0,0.1631548210000009,,,,,,,,
325,pcoli__btAANAT,0.1439706220000012,0.058981661765447994,2.0,617.0,0.1856769550000008,618.0,0.10226428900000163,,,,,,,,
326,pcoli__btASMT,0.23561674100000074,0.01709721971512353,2.0,619.0,0.22352718100000055,620.0,0.2477063010000009,,,,,,,,
327,pcoli__CC1,0.01454504700000081,0.07093751231720562,2.0,621.0,-0.03561534899999952,622.0,0.06470544300000114,,,,,,,,
328,pcoli__ccCOMT,0.23113254350000112,0.05159273036355577,2.0,623.0,0.19465097400000173,624.0,0.2676141130000005,,,,,,,,
329,pcoli__ckDDC,-0.24859425699999885,0.09037366873043831,2.0,625.0,-0.3124980909999984,626.0,-0.18469042299999927,,,,,,,,
330,pcoli__CNTF_belt,0.2283263105000004,0.007528657116067732,2.0,627.0,0.22300274600000056,628.0,0.23364987500000026,,,,,,,,
331,pcoli__cobPNMT,0.09208004150000093,0.0033635068468848652,2.0,629.0,0.0944584000000006,630.0,0.08970168300000125,,,,,,,,
332,pcoli__cvPhhB,0.006484711500001074,0.03578350706457858,2.0,631.0,-0.018818048999999167,632.0,0.031787472000001316,,,,,,,,
333,pcoli__ggAANAT,0.26795449950000094,0.018271634276112884,2.0,633.0,0.25503450300000097,634.0,0.2808744960000009,,,,,,,,
334,pcoli__ggTPH,0.23588373100000037,0.01747356457148818,2.0,635.0,0.2482394070000007,636.0,0.2235280550000001,,,,,,,,
335,pcoli__hsAANAT,-0.09310640099999912,0.007538561560751682,2.0,637.0,-0.09843696899999888,638.0,-0.08777583299999936,,,,,,,,
336,pcoli__hsASMT,0.024150811500000646,0.09039206977020586,2.0,639.0,0.08806765700000074,640.0,-0.03976603399999945,,,,,,,,
337,pcoli__hsPNMT_mb,0.11911080000000097,0.008705631403605087,2.0,641.0,0.1252666110000007,642.0,0.11295498900000125,,,,,,,,
338,pcoli__hsTPH,-0.003440538499999146,0.080045293024941,2.0,643.0,0.053160031000000885,644.0,-0.06004110799999918,,,,,,,,
339,pcoli__hsTPH_E2K,0.0712949450000009,0.10995893275062171,2.0,645.0,0.14904765200000106,646.0,-0.006457761999999256,,,,,,,,
340,pcoli__hsTPH_E2K_N91I_P99C,0.10906984750000115,0.027041968778623856,2.0,647.0,0.08994828800000132,648.0,0.12819140700000098,,,,,,,,
341,pcoli__hsTPH_N158trunc,0.1414149330000014,0.044688570157643416,2.0,649.0,0.10981534200000098,650.0,0.17301452400000186,,,,,,,,
342,pcoli__hsTPH_N174trunc,0.15327134950000065,0.041575587000691035,2.0,651.0,0.18266972900000056,652.0,0.12387297000000075,,,,,,,,
343,pcoli__hsTPH_Ntermtrunc,0.16568362099999945,0.03488586258302631,2.0,653.0,0.1903516509999994,654.0,0.1410155909999995,,,,,,,,
344,pcoli__hsTPH1,0.2164929920000005,0.02252250922169913,2.0,655.0,0.2324188110000005,656.0,0.2005671730000005,,,,,,,,
345,pcoli__MBP,-0.15042376949999922,0.06523782083180177,2.0,657.0,-0.10429366399999918,658.0,-0.19655387499999927,,,,,,,,
346,pcoli__msCOMT,0.3106513540000013,0.045322277840728876,2.0,659.0,0.3426990440000015,660.0,0.27860366400000114,,,,,,,,
347,pcoli__ocAANAT,0.1657200800000007,0.05081075440927104,2.0,661.0,0.1297914510000009,662.0,0.20164870900000054,,,,,,,,
348,pcoli__osTDC_K374H,0.36950367850000054,0.050115759660140306,2.0,663.0,0.40494087200000095,664.0,0.3340664850000001,,,,,,,,
349,pcoli__osTDC_K374L,0.38023079900000134,0.02376510513985118,2.0,665.0,0.3634263320000013,666.0,0.3970352660000014,,,,,,,,
350,pcoli__osTDC_K374Q,0.337088059500001,0.04149783212481831,2.0,667.0,0.30774466100000103,668.0,0.366431458000001,,,,,,,,
351,pcoli__osTDC_L360V,0.1784540875000009,0.017312284121300762,2.0,669.0,0.19069572100000087,670.0,0.16621245400000095,,,,,,,,
352,pcoli__pmTPH,0.19688199600000145,0.21126105274981113,2.0,671.0,0.3462661190000018,672.0,0.04749787300000108,,,,,,,,
353,pcoli__RFC,0.1106211310000007,0.02881881710398218,2.0,673.0,0.09024315000000004,674.0,0.13099911200000136,,,,,,,,
354,pcoli__RFCctrl,-0.2003221814999993,0.05306544852679153,2.0,675.0,-0.2378451199999993,676.0,-0.16279924299999934,,,,,,,,
355,pcoli__RFCnopause,-0.09152867049999935,0.06192320405487432,2.0,677.0,-0.047742352999999405,678.0,-0.1353149879999993,,,,,,,,
356,pcoli__RFCpluspause,0.02591783000000003,0.06803758821159894,2.0,679.0,-0.022192009999999485,680.0,0.07402766999999955,,,,,,,,
357,pcoli__rnCOMT_sol,-0.1498017969999994,0.18013360554436067,2.0,681.0,-0.02242810299999931,682.0,-0.2771754909999995,,,,,,,,
358,pcoli__rnPNMT,-0.0005403344999988027,0.052149257341476525,2.0,683.0,-0.0374154279999992,684.0,0.0363347590000016,,,,,,,,
359,pcoli__rnTDC,0.30329412800000055,0.01471505192262526,2.0,685.0,0.313699241000001,686.0,0.2928890150000001,,,,,,,,
360,pcoli__rnTDC_trunc,0.39251751199999996,0.05799536518541965,2.0,687.0,0.4335264280000004,688.0,0.3515085959999995,,,,,,,,
361,pcoli__saCOMT_T2A,0.1820456305000011,0.041349260504809984,2.0,689.0,0.15280728800000087,690.0,0.21128397300000132,,,,,,,,
362,pcoli__sfCOMT,-0.049270964499998904,0.014120012373867284,2.0,691.0,-0.03928660799999939,692.0,-0.059255320999998425,,,,,,,,
363,pcoli__sgAANAT_D63G,0.19535529550000108,0.03673026081919033,2.0,693.0,0.16938307900000105,694.0,0.22132751200000111,,,,,,,,
364,pcoli__ssDDC,0.1853475770000008,0.08064753092073042,2.0,695.0,0.24237399300000104,696.0,0.12832116100000054,,,,,,,,
365,pcoli__TP53B,0.15595304800000065,0.041476646498547785,2.0,697.0,0.18528146600000106,698.0,0.12662463000000024,,,,,,,,
366,pcoli__WT,0.23117154200000112,0.012038005046021982,2.0,699.0,0.23968369700000114,700.0,0.2226593870000011,,,,,,,,
367,cck__glu_ale4,0.4210891174999998,0.14832106732735656,2.0,701.0,0.3162102849999995,702.0,0.5259679500000001,,,,,,,,
368,cck__cck_ale1,0.4452444815000014,0.032802532965498815,2.0,703.0,0.4220495880000019,704.0,0.4684393750000009,,,,,,,,
369,cck__cck_ale2,0.37833340800000137,0.01899023083538758,2.0,705.0,0.3917615290000018,706.0,0.3649052870000009,,,,,,,,
370,cck_pgi__gmos_delpgi,0.7055785000000014,0.11847909004552144,2.0,707.0,0.7893558680000012,708.0,0.6218011320000016,,,,,,,,
371,cck_pgi__pgi_ale1,0.46555157700000027,0.2583665449982485,2.0,709.0,0.2828588409999995,710.0,0.6482443130000011,,,,,,,,
372,cck_pgi__pgi_ale2,0.6576655480000007,,1.0,711.0,0.6576655480000007,,,,,,,,,,
373,cck_pgi__pgi_ale3,0.502504270000002,0.2250861768471857,2.0,712.0,0.3433443080000025,713.0,0.6616642320000015,,,,,,,,
374,cck_pgi__pgi_ale4,0.28864372466666727,0.04541413427361515,3.0,714.0,0.2393347400000003,715.0,0.3287549830000005,716.0,0.2978414510000009,,,,,,
375,cck_pgi__pgi_ale5,0.5574568485000011,0.0008861667242793375,2.0,717.0,0.5568302340000013,718.0,0.5580834630000009,,,,,,,,
376,cck_pgi__pgi_ale6,0.392361165500001,0.13616793256943552,2.0,719.0,0.2960758970000006,720.0,0.4886464340000014,,,,,,,,
377,cck_pgi__pgi_ale7,0.2891456570000006,0.13040581204053328,2.0,721.0,0.1969348230000012,722.0,0.381356491,,,,,,,,
378,cck_pgi__pgi_ale8,0.451501823500001,0.029487824264690956,2.0,723.0,0.4723528640000012,724.0,0.4306507830000008,,,,,,,,
379,cck_sdh__gmos_delsdhCB,0.520155292500001,0.08521998813090516,2.0,725.0,0.4598956610000009,726.0,0.5804149240000012,,,,,,,,
380,cck_sdh__sdh_ale1,0.9844026830000008,0.14617068135955602,2.0,727.0,0.8810444030000006,728.0,1.087760963000001,,,,,,,,
381,cck_sdh__sdh_ale2,0.7154020010000011,,1.0,729.0,0.7154020010000011,,,,,,,,,,
382,cck_sdh__sdh_ale3,0.7267220186666675,0.05338244502015256,3.0,730.0,0.7813965320000005,731.0,0.674733015000001,732.0,0.7240365090000012,,,,,,
383,cck_pts__gmos_delptsHIcrr,1.9747165840000012,0.09856873368268919,2.0,733.0,2.0444152040000017,734.0,1.905017964000001,,,,,,,,
384,cck_pts__pts_ale1,2.5244606270000007,0.014619687259473277,2.0,735.0,2.5141229470000006,736.0,2.534798307000001,,,,,,,,
385,cck_pts__pts_ale2,0.8637063120000006,0.033617103713970475,2.0,737.0,0.8399354300000006,738.0,0.8874771940000006,,,,,,,,
386,cck_pts__pts_ale3,1.5922583365000005,0.0082656688572443,2.0,739.0,1.5864136260000006,740.0,1.5981030470000004,,,,,,,,
387,cck_pts__pts_ale4,-0.20662003649999905,0.009838786283913064,2.0,741.0,-0.21357710899999915,742.0,-0.19966296399999892,,,,,,,,
388,cck_gnd__gmos_delgnd,0.645226194000001,0.5002828447018857,2.0,743.0,0.9989795860000008,744.0,0.29147280200000125,,,,,,,,
389,cck_gnd__gnd_ale1,0.34265874150000153,0.03236831141909464,2.0,745.0,0.3655465940000013,746.0,0.3197708890000017,,,,,,,,
390,cck_gnd__gnd_ale2,0.463846922000001,0.1324773124687193,2.0,747.0,0.3701713160000004,748.0,0.5575225280000016,,,,,,,,
391,cck_gnd__gnd_ale3,0.44040955500000045,0.03275816272208765,2.0,749.0,0.4172460359999999,750.0,0.463573074000001,,,,,,,,
392,cck_tpiA__gmos_deltpiA,0.36314705200000086,0.09967113153933413,2.0,751.0,0.4336251850000004,752.0,0.29266891900000136,,,,,,,,
393,cck_tpiA__tpiA_ale1,0.4830786670000009,0.008387496991683117,2.0,753.0,0.477147811,754.0,0.4890095230000018,,,,,,,,
394,cck_tpiA__tpiA_ale2,0.46668217700000136,0.15680934895566753,2.0,755.0,0.3558012230000012,756.0,0.5775631310000016,,,,,,,,
395,cck_tpiA__tpiA_ale3,0.5868284575000002,0.08648319338330178,2.0,757.0,0.525675605,758.0,0.6479813100000005,,,,,,,,
396,cck_tpiA__tpiA_ale4,0.623970228000001,0.01911543823313193,2.0,759.0,0.6104535720000008,760.0,0.6374868840000012,,,,,,,,
397,acid_tale__acid_ale1_pH7,-0.2499246309999994,0.05196165130582473,2.0,761.0,-0.2866670669999989,762.0,-0.2131821949999999,,,,,,,,
398,acid_tale__acid_ale1_pH5,0.13302245350000108,0.08258177697293843,2.0,763.0,0.19141658800000091,764.0,0.07462831900000122,,,,,,,,
399,acid_tale__acid_ale2_pH7,0.04530458150000127,0.11761402197337956,2.0,765.0,-0.03786109099999901,766.0,0.12847025400000156,,,,,,,,
400,acid_tale__acid_ale2_pH5,0.3574390009999999,0.15038797933963782,2.0,767.0,0.2510986409999996,768.0,0.4637793610000003,,,,,,,,
401,acid_tale__low_Mg_ale_pH7,0.26072892850000073,0.07011785888519169,2.0,769.0,0.3103097420000012,770.0,0.2111481150000003,,,,,,,,
402,acid_tale__low_Mg_ale_pH5,0.45328938000000063,0.1573623700981654,2.0,771.0,0.3420173810000007,772.0,0.5645613790000006,,,,,,,,
403,acid_tale__MES_ale_pH7,0.09500710300000081,0.03853777070879287,2.0,773.0,0.12225742200000055,774.0,0.06775678400000107,,,,,,,,
404,acid_tale__MES_ale_pH5,0.311401968500002,0.03914618023256917,2.0,775.0,0.2837214390000016,776.0,0.33908249800000245,,,,,,,,
405,acid_tale__gmos_pH7,0.21026097600000027,0.06463258621747509,2.0,777.0,0.2559631160000011,778.0,0.16455883599999946,,,,,,,,
406,acid_tale__gmos_pH5,0.49247628550000133,0.005805617495438544,2.0,779.0,0.4965814770000012,780.0,0.4883710940000015,,,,,,,,
407,adnB__wt_adn,0.6367083510000011,0.36045201486019723,2.0,781.0,0.38183028700000143,782.0,0.8915864150000008,,,,,,,,
408,adnB__delydhB_adn,-0.08134106949999922,0.40967344566248215,2.0,783.0,-0.3710239409999989,784.0,0.20834180200000046,,,,,,,,
409,ytf2__wt_glc,0.10437248350000061,0.08288018169145353,2.0,785.0,0.16297762200000054,786.0,0.04576734500000068,,,,,,,,
410,ytf2__ybcM_glc,0.14993424050000126,0.1360613772343643,2.0,787.0,0.053724318000001325,788.0,0.2461441630000012,,,,,,,,
411,ytf2__ydhB_glc,0.08124984450000072,0.008381698008968694,2.0,789.0,0.07532308900000118,790.0,0.08717660000000027,,,,,,,,
412,ytf2__yfeC_glc,0.09574525550000113,0.036821754779821504,2.0,791.0,0.12178216800000108,792.0,0.06970834300000117,,,,,,,,
413,ytf2__yciT_glc,0.005839899500001078,0.014174644857995643,2.0,793.0,-0.004183087999998668,794.0,0.015862887000000825,,,,,,,,
414,ytf2__ydiZ_glc,-0.13373212899999798,0.04070211001470612,2.0,795.0,-0.16251286699999756,796.0,-0.1049513909999984,,,,,,,,
415,ytf2__ynfL_glc,0.1067201260000008,0.0060644998946329035,2.0,797.0,0.10243187700000078,798.0,0.11100837500000084,,,,,,,,
416,ytf3__wt_glc2,-0.17480886699999942,0.08980918255858997,2.0,799.0,-0.238313548999999,800.0,-0.11130418499999983,,,,,,,,
417,ytf3__wt_pH7_lactate,-0.1639678749999991,0.0027662356691273505,2.0,801.0,-0.16592389899999915,802.0,-0.16201185099999904,,,,,,,,
418,ytf3__wt_pH55_lactate,-0.008950090499999057,0.06856355898418391,2.0,803.0,0.03953166700000122,804.0,-0.057431847999999334,,,,,,,,
419,ytf3__wt_pH55_HCl,-0.07024971400000046,0.04720504156951937,2.0,805.0,-0.03687070900000045,806.0,-0.10362871900000048,,,,,,,,
420,ytf3__dyieP_pH7,-0.07717674449999956,0.060205122666995035,2.0,807.0,-0.03460529399999945,808.0,-0.11974819499999967,,,,,,,,
421,ytf3__dyieP_pH55,0.09202874050000087,0.05886618627833324,2.0,809.0,0.1336534200000008,810.0,0.050404061000000944,,,,,,,,
422,minicoli__aldA_f1c2,0.12952748883158272,,1.0,811.0,0.12952748883158272,,,,,,,,,,
423,minicoli__aldA_minE,0.08182737043514265,,1.0,812.0,0.08182737043514265,,,,,,,,,,
424,minicoli__mg1655_glc,-0.06506761035210973,0.1609181728465182,2.0,813.0,-0.1788539415880317,814.0,0.04871872088381224,,,,,,,,
425,minicoli__minE_cyt,0.6661840585778949,0.019445617937317236,2.0,815.0,0.6524339302700551,816.0,0.6799341868857347,,,,,,,,
426,minicoli__minE_fruc,-0.5459144780359879,0.19248882511789278,2.0,817.0,-0.6820246315794813,818.0,-0.4098043244924945,,,,,,,,
427,minicoli__minE_glc,-0.0061763891695840725,0.009500458039037388,2.0,819.0,0.0005414491341975137,820.0,-0.012894227473365659,,,,,,,,
428,minicoli__minE_glyc,-0.6602683433607632,0.36389701777865957,2.0,821.0,-0.40295429443591146,822.0,-0.9175823922856151,,,,,,,,
429,minicoli__minE_Fe_starve,0.5658085158909483,0.10879468831230021,2.0,823.0,0.488879054028244,824.0,0.6427379777536526,,,,,,,,
430,minicoli__minE_LB,0.4178957742428717,0.09959419288500068,2.0,825.0,0.4883195033986567,826.0,0.34747204508708673,,,,,,,,
431,minicoli__minE_N_starve,0.4199932630773393,0.0059985435365991924,2.0,827.0,0.4157516522653673,828.0,0.42423487388931136,,,,,,,,
432,minicoli__minE_osm,0.9599211979943166,0.15849562747431709,2.0,829.0,0.8478478650188102,830.0,1.0719945309698231,,,,,,,,
433,minicoli__minE_ph5,0.7319105875421483,0.3397599157750647,2.0,831.0,0.4916640471222298,832.0,0.9721571279620668,,,,,,,,
434,minicoli__minE-pyr,-0.4380404320106162,0.6731075496963371,2.0,833.0,0.037918480847524805,834.0,-0.9139993448687572,,,,,,,,
435,minicoli__minE_sorb,-0.38674294131119114,0.17089146327318067,2.0,835.0,-0.26590442878383325,836.0,-0.507581453838549,,,,,,,,
436,minicoli__minE_urid,-0.4706659824897317,0.1512940249938041,2.0,837.0,-0.3636849514636058,838.0,-0.5776470135158576,,,,,,,,
437,minicoli__W3110_cyt,-0.19132326273519196,0.09346244166193664,2.0,839.0,-0.12523533644978446,840.0,-0.25741118902059945,,,,,,,,
438,minicoli__W3110_glc,-1.3444874641352604,0.06730826626598597,2.0,841.0,-1.296893332628672,842.0,-1.3920815956418489,,,,,,,,
439,minicoli__W3110_glyc,-0.11908423647970956,0.06941302938140403,2.0,843.0,-0.16816666025800142,844.0,-0.0700018127014177,,,,,,,,
440,minicoli__W3110_Fe_starve,0.008180002161933597,0.007604396332392295,2.0,845.0,0.0135571223753983,846.0,0.0028028819484688943,,,,,,,,
441,minicoli__W3110_LB,-0.3388845502577751,0.09596117478694782,2.0,847.0,-0.40673934768025344,848.0,-0.27102975283529673,,,,,,,,
442,minicoli__W3110_N_starve,-0.2879704287053735,0.1806004427292656,2.0,849.0,-0.4156742264445299,850.0,-0.16026663096621707,,,,,,,,
443,minicoli__W3110_osm,-0.3453592065959663,0.09132691386974051,2.0,851.0,-0.28078132649383303,852.0,-0.4099370866980996,,,,,,,,
444,minicoli__W3110_ph5,-0.001822618090721928,0.04427769578302834,2.0,853.0,0.02948644085277241,854.0,-0.03313167703421627,,,,,,,,
445,minicoli__W3110_pyr,-0.2690051633723973,0.07820652011192054,2.0,855.0,-0.32430552407653845,856.0,-0.2137048026682562,,,,,,,,
446,minicoli__W3110_sorb,-1.638824570745729,0.11367456917909537,2.0,857.0,-1.7192046294607266,858.0,-1.5584445120307313,,,,,,,,
447,minicoli__W3110_urid,-1.3530943867007927,0.10488645082941095,2.0,859.0,-1.4272603073368586,860.0,-1.2789284660647269,,,,,,,,
448,minicoli__W3110_WT_glc,-0.06912048519371483,0.23979894098341056,2.0,861.0,0.10044297209700748,862.0,-0.23868394248443714,,,,,,,,
449,minicoli__W3110_WT_osm,0.05500307173680641,0.23908473740183714,2.0,863.0,-0.11405536735823762,864.0,0.22406151083185044,,,,,,,,
450,eep__BOP27,-0.06232341876246749,0.054575215201121983,2.0,865.0,-0.023732914009038986,866.0,-0.100913923515896,,,,,,,,
451,eep__BOP1000,0.5864895614072374,0.14369734054094702,2.0,867.0,0.4848801974722612,868.0,0.6880989253422136,,,,,,,,
452,eep__BOP27_ndh-cydB-appC,0.8336008668723389,0.16328714429835828,2.0,869.0,0.7181394198583835,870.0,0.9490623138862944,,,,,,,,
453,eep__BOP27_ndh-cydB-appC_A9_F46_I1_R1,-0.18222889295425393,0.21823339130898903,2.0,871.0,-0.33654320383017744,872.0,-0.02791458207833042,,,,,,,,
454,eep__BOP27_ndh-cydB-appC_A10_F48_I1_R1,-0.4139721584204268,0.14850969289933588,2.0,873.0,-0.5189843693414788,874.0,-0.3089599474993747,,,,,,,,
455,eep__BOP27_ndh-cydB-appC_A11_F46_I1_R1,0.30293864110581925,0.0149921250412461,2.0,875.0,0.313539674386881,876.0,0.2923376078247575,,,,,,,,
456,eep__BOP27_ndh-cydB-appC_A12_F46_I1_R1,0.17607321455854574,0.06724050518947632,2.0,877.0,0.22361943174843368,878.0,0.1285269973686578,,,,,,,,
457,eep__BOP27_nuoB-cydB-appC,1.1441315419712659,0.06273575119824154,2.0,879.0,1.099770666876157,880.0,1.1884924170663744,,,,,,,,
458,eep__BOP27_nuoB_cydB-appC_A13_F59_I1_R1,0.4275685510554546,0.05605874753429098,2.0,881.0,0.3879290305291328,882.0,0.4672080715817764,,,,,,,,
459,eep__BOP27_nuoB_cydB-appC_A14_F58_I1_R1,0.7360430730059004,0.02948399931602284,2.0,883.0,0.7568914088587597,884.0,0.7151947371530412,,,,,,,,
460,eep__BOP27_nuoB_cydB-appC_A15_F57_I1_R1,-0.8138953533530415,0.11874268773524882,2.0,885.0,-0.8978591130669527,886.0,-0.7299315936391304,,,,,,,,
461,eep__BOP27_nuoB_cydB-appC_A16_F57_I1_R1,-0.8170141153801604,0.1735880522811572,2.0,887.0,-0.6942688264791892,888.0,-0.9397594042811316,,,,,,,,
462,eep__BOP27_ndh-cyoB,0.1511895671384531,0.036887812475107425,2.0,889.0,0.1772731894827393,890.0,0.12510594479416692,,,,,,,,
463,eep__BOP27_ndh-cyoB_A5_F59_I1_R1,-0.8675660972923627,0.05430717709544354,2.0,891.0,-0.9059670704836496,892.0,-0.8291651241010758,,,,,,,,
464,eep__BOP27_ndh-cyoB_A6_F58_I1_R1,-1.2003835130806437,0.3340719893762506,2.0,893.0,-1.436608082173071,894.0,-0.9641589439882168,,,,,,,,
465,eep__BOP27_ndh-cyoB_A7_F56_I1_R1,-0.90408451837932,0.017306520533369164,2.0,895.0,-0.9163220764072096,896.0,-0.8918469603514305,,,,,,,,
466,eep__BOP27_ndh-cyoB_A8_F59_I1_R1,-0.9188166507441045,0.17643116395790945,2.0,897.0,-1.0435723231913778,898.0,-0.7940609782968311,,,,,,,,
467,eep__BOP27_nuoB-cyoB,0.12632012807614723,0.025408849974235953,2.0,899.0,0.14428689819508111,900.0,0.10835335795721336,,,,,,,,
468,eep__BOP27_nuoB-cyoB_A9_F63_I1_R1,0.914902838316972,0.06578748117797382,2.0,901.0,0.9614216123750996,902.0,0.8683840642588443,,,,,,,,
469,eep__BOP27_nuoB-cyoB_A10_F64_I1_R1,0.4745231417007849,0.13277268535773182,2.0,903.0,0.3806386755279849,904.0,0.5684076078735849,,,,,,,,
470,eep__BOP27_nuoB-cyoB_A11_F64_I1_R1,0.5635166879074536,0.1283838510353131,2.0,905.0,0.6542977795693671,906.0,0.4727355962455402,,,,,,,,
471,eep__BOP27_nuoB-cyoB_A12_F63_I1_R1,0.6349616794778443,0.039299718028725984,2.0,907.0,0.6627507765946756,908.0,0.6071725823610129,,,,,,,,
472,eep__BOP27_ndh-cydB,0.3442851891199741,0.3296132908955797,2.0,909.0,0.11121339595849557,910.0,0.5773569822814526,,,,,,,,
473,eep__BOP27_nuoB-cydB,0.3608882259942221,0.001644648052119507,2.0,911.0,0.35972528420390315,912.0,0.36205116778454105,,,,,,,,
474,DDB2__PD-005_BW25113_Batch_6h,-0.23658788717281132,0.05595666270767471,2.0,913.0,-0.19702055151964612,914.0,-0.2761552228259765,,,,,,,,
475,DDB2__PD-003_BW25113_Batch_9h,-0.4215676489423461,0.5128509204791795,2.0,915.0,-0.05892728533375545,916.0,-0.7842080125509368,,,,,,,,
476,DDB2__PD-003_BW25113_Fed-batch_6h,-0.7851406149430287,0.04086089677866637,2.0,917.0,-0.8140336321405872,918.0,-0.7562475977454701,,,,,,,,
477,DDB2__PD-005_BW25113_Fed-batch_6h,-0.7789235009595075,0.3376096972135661,3.0,919.0,-0.6049106291827844,920.0,-0.5638207711566423,921.0,-1.1680391025390957,,,,,,
478,DDB2__PD-005_BW25113_Fed-batch_15h,-0.7005390980065545,0.08414467948612539,2.0,922.0,-0.7600383714719623,923.0,-0.6410398245411466,,,,,,,,
479,DDB2__PD-003_BW25113_Fed-batch_21h,-1.0553529588685717,0.7006499592696959,2.0,924.0,-0.5599186214308913,925.0,-1.550787296306252,,,,,,,,
480,DDB2__PD-004_del-basS_Batch_6h,0.09658263161512703,0.057957096178552055,2.0,926.0,0.13756448734086213,927.0,0.05560077588939194,,,,,,,,
481,DDB2__PD-004_del-basS_Fed-batch_6h,-0.6281138933626602,0.186525888145993,2.0,928.0,-0.4962201729877851,929.0,-0.7600076137375353,,,,,,,,
482,DDB2__PD-004_del-basS_Fed-batch_15h,-0.4556828094634082,0.21716252204387046,2.0,930.0,-0.3021257175066143,931.0,-0.6092399014202021,,,,,,,,
483,DDB2__PD-004_del-kdpE_Batch_6h,0.2196607216403681,0.014857323412456144,2.0,932.0,0.2301664357755975,933.0,0.2091550075051387,,,,,,,,
484,DDB2__PD-004_del-kdpE_Fed-batch_6h,-0.5202496000272916,0.05862832202452617,2.0,934.0,-0.5617060841004227,935.0,-0.4787931159541605,,,,,,,,
485,DDB2__PD-004_del-kdpE_Fed-batch_15h,-0.7375374556677547,0.27511164383961784,2.0,936.0,-0.5430041467253828,937.0,-0.9320707646101268,,,,,,,,
486,DDB2__PD-005_del-phoB_Batch_6h,-0.2915039648705304,0.30879548491656916,3.0,938.0,-0.09094776601658072,939.0,-0.13646351849481508,940.0,-0.6471006101001953,,,,,,
487,DDB2__PD-003_del-phoB_Batch_9h,-0.38765627365485633,0.21952383226917055,2.0,941.0,-0.2324294832252676,942.0,-0.5428830640844451,,,,,,,,
488,DDB2__PD-003_del-phoB_Fed-batch_6h,-0.9251364118895284,0.2049341688190994,2.0,943.0,-1.0700467523583423,944.0,-0.7802260714207145,,,,,,,,
489,DDB2__PD-005_del-phoB_Fed-batch_6h,-0.6001952852758713,0.8880150300324847,2.0,945.0,0.027726164255674316,946.0,-1.228116734807417,,,,,,,,
490,DDB2__PD-005_del-phoB_Fed-batch_15h,-0.9864985121953774,0.11387893758234634,2.0,947.0,-0.9059739431965808,948.0,-1.067023081194174,,,,,,,,
491,DDB2__PD-003_del-phoB_Fed-batch_21h,-0.8267305733593543,0.24836470797270205,2.0,949.0,-1.0023509425742685,950.0,-0.6511102041444401,,,,,,,,
492,DDB2__PD-004_del-qseB_Batch_6h,0.13489936667787106,,1.0,951.0,0.13489936667787106,,,,,,,,,,
493,DDB2__PD-004_del-qseB_Fed-batch_6h,-0.7851817921248521,0.11974023715319605,2.0,952.0,-0.7005126584529417,953.0,-0.8698509257967624,,,,,,,,
494,DDB2__PD-004_del-qseB_Fed-batch_15h,-0.6388446479583876,0.1325953470881134,2.0,954.0,-0.5450855788785987,955.0,-0.7326037170381765,,,,,,,,
495,DDB2__PD-004_del-qseC_Batch_6h,0.22547069850218993,0.05879938624749234,2.0,956.0,0.18389325375698107,957.0,0.2670481432473988,,,,,,,,
496,DDB2__PD-004_del-qseC_Fed-batch_6h,-0.5584433922256311,0.21808937463058575,2.0,958.0,-0.7126558679316517,959.0,-0.4042309165196105,,,,,,,,
497,DDB2__PD-004_del-qseC_Fed-batch_15h,-0.8044646344230886,0.07558477200902752,2.0,960.0,-0.7510181295810661,961.0,-0.8579111392651111,,,,,,,,
498,DDB2__PD-005_del-qseF_Batch_6h,-0.20646047145906457,0.16570483038119418,2.0,962.0,-0.3236314806969736,963.0,-0.08928946222115552,,,,,,,,
499,DDB2__PD-003_del-qseF_Batch_6h,-0.3245162661026435,0.21473417442633028,2.0,964.0,-0.4763562569919966,965.0,-0.17267627521329046,,,,,,,,
500,DDB2__PD-003_del-qseF_Fed-batch_6h,-1.015480305047065,0.22143635380540194,2.0,966.0,-0.8589011576700418,967.0,-1.1720594524240884,,,,,,,,
501,DDB2__PD-005_del-qseF_Fed-batch_6h,-0.7234419198083583,0.26024201988865836,3.0,968.0,-0.5377020185362262,969.0,-0.6117356603849631,970.0,-1.0208880805038856,,,,,,
502,DDB2__PD-005_del-qseF_Fed-batch_15h,-0.9904751134104562,0.20537437658187,2.0,971.0,-0.8452534990474563,972.0,-1.1356967277734562,,,,,,,,
503,DDB2__PD-003_del-qseF_Fed-batch_21h,-0.9076207644659284,0.24646577167765693,2.0,973.0,-0.7333431459822819,974.0,-1.081898382949575,,,,,,,,
504,DDB2__PD-005_MG1655-del-fhuA_Batch_6h,-0.49212229820494596,0.3458827899212965,3.0,975.0,-0.10809572060941176,976.0,-0.5891219293584795,977.0,-0.7791492446469466,,,,,,
505,DDB2__PD-005_MG1655-del-fhuA_Fed-batch_6h,-0.974769031417086,0.1294917438944761,2.0,978.0,-0.8832045412016303,979.0,-1.0663335216325418,,,,,,,,
506,DDB2__PD-005_MG1655-del-fhuA_Fed-batch_15h,-0.7472313657206286,0.19627569543774925,2.0,980.0,-0.6084434904944906,981.0,-0.8860192409467667,,,,,,,,
507,DDB3__PD-009_del-arcA_Batch_6h,0.06946701720690251,0.02000064844502022,2.0,982.0,0.08360961135050449,983.0,0.055324423063300536,,,,,,,,
508,DDB3__PD-009_del-arcA_Fed-batch_6h,-0.945512109164941,0.021697187756228368,2.0,984.0,-0.9608543377600478,985.0,-0.9301698805698342,,,,,,,,
509,DDB3__PD-009_del-arcA_Fed-batch_15h,-1.0834656999866108,0.22586566795003166,2.0,986.0,-1.2431768454313072,987.0,-0.9237545545419144,,,,,,,,
510,DDB3__PD-006_del-baeR_Batch_12h,0.6622624206330832,0.030118161748565683,2.0,988.0,0.6409656642237991,989.0,0.6835591770423672,,,,,,,,
511,DDB3__PD-009_del-baeR_Batch_12h,0.8180506656568803,0.39995374641048137,2.0,990.0,1.1008606719046965,991.0,0.5352406594090642,,,,,,,,
512,DDB3__PD-006_del-baeR_Fed-batch_12h,1.1793665119605379,0.08607151065567363,2.0,992.0,1.2402282608121349,993.0,1.1185047631089409,,,,,,,,
513,DDB3__PD-009_del-baeR_Fed-batch_12h,-0.4687129344615797,0.7700768258923855,2.0,994.0,-1.0132394800846978,995.0,0.0758136111615384,,,,,,,,
514,DDB3__PD-009_del-baeR_Fed-batch_18h,-0.08465655418958297,,1.0,996.0,-0.08465655418958297,,,,,,,,,,
515,DDB3__PD-006_del-lsrB_Batch_6h,-0.22506789539180705,0.11425992568595592,2.0,997.0,-0.30586186366221746,998.0,-0.14427392712139664,,,,,,,,
516,DDB3__PD-006_del-lsrB_Fed-batch_6h,-0.6577518616580837,0.18152242752507772,3.0,999.0,-0.508357473492766,1000.0,-0.6051251409284424,1001.0,-0.8597729705530428,,,,,,
517,DDB3__PD-006_del-lsrB_Fed-batch_15h,-0.9190068030711389,0.07133590265926885,2.0,1002.0,-0.8685647025587064,1003.0,-0.9694489035835714,,,,,,,,
518,DDB3__PD-009_del-lsrK_Batch_6h,-0.07367468753663965,0.13488572725253672,2.0,1004.0,-0.16905329996218746,1005.0,0.021703924888908155,,,,,,,,
519,DDB3__PD-009_del-lsrK_Fed-batch_6h,-0.7451291581292128,0.4633353628335523,2.0,1006.0,-1.072756735152347,1007.0,-0.4175015811060785,,,,,,,,
520,DDB3__PD-009_del-lsrK_Fed-batch_15h,-0.8051061275018242,0.34379670470538415,3.0,1008.0,-0.886261003157732,1009.0,-0.4279925270044824,1010.0,-1.1010648523432582,,,,,,
521,DDB3__PD-006_del-lsrR_Batch_6h,-0.4927206658315879,0.19908542985299402,2.0,1011.0,-0.3519460083470971,1012.0,-0.6334953233160787,,,,,,,,
522,DDB3__PD-006_del-lsrR_Fed-batch_6h,-0.6937135969546482,0.08713481211766858,2.0,1013.0,-0.7553272134804674,1014.0,-0.632099980428829,,,,,,,,
523,DDB3__PD-006_del-lsrR_Fed-batch_15h,-0.6657720866676389,0.14580019017497872,3.0,1015.0,-0.8320108943405877,1016.0,-0.6057002330842218,1017.0,-0.5596051325781071,,,,,,
524,DDB3__PD-009_del-luxS_Batch_6h,-0.2467691337232587,0.11396754706693593,2.0,1018.0,-0.3273563590894861,1019.0,-0.16618190835703128,,,,,,,,
525,DDB3__PD-009_del-luxS_Fed-batch_6h,-0.5859221888715118,0.05604985058708604,2.0,1020.0,-0.6255554183061331,1021.0,-0.5462889594368905,,,,,,,,
526,DDB3__PD-009_del-luxS_Fed-batch_15h,-1.0019485893567621,0.3158974525977634,2.0,1022.0,-0.7785753584653277,1023.0,-1.2253218202481966,,,,,,,,
527,DDB3__PD-006_del-rpoS_Batch_9h,0.10276476575640148,0.18058373415304552,2.0,1024.0,-0.024927217235205745,1025.0,0.2304567487480087,,,,,,,,
528,DDB3__PD-006_del-rpoS_Fed-batch_6h,-0.5054356707218656,0.070538531961855,3.0,1026.0,-0.4344733512629961,1027.0,-0.5755426359162517,1028.0,-0.5062910249863489,,,,,,
529,DDB3__PD-006_del-rpoS_Fed-batch_15h,-0.4457548614855624,0.2389635226386104,2.0,1029.0,-0.6147275887995489,1030.0,-0.27678213417157593,,,,,,,,
530,DDB3__PD-009_del-tnaA_Batch_6h,0.18842870292529396,,1.0,1031.0,0.18842870292529396,,,,,,,,,,
531,DDB3__PD-009_del-tnaA_Fed-batch_6h,-0.3281880223166187,,1.0,1032.0,-0.3281880223166187,,,,,,,,,,
532,DDB3__PD-009_del-tnaA_Fed-batch_15h,-0.6398298485299447,0.28938376872924365,2.0,1033.0,-0.8444550737637124,1034.0,-0.43520462329617693,,,,,,,,
