,condition,X_avg,X_std,n,rep1_idx,rep1_X,rep2_idx,rep2_X,rep3_idx,rep3_X,rep4_idx,rep4_X,rep5_idx,rep5_X,rep6_idx,rep6_X
0,control__wt_glc,0.0,0.13076969343277342,2.0,0.0,-0.092468137,1.0,0.092468137,,,,,,,,
1,fur__wt_dpd,-0.6715885810000001,0.011268786005175965,2.0,2.0,-0.6636203460000001,3.0,-0.6795568160000001,,,,,,,,
2,fur__wt_fe,-0.701016772,0.38900011896142883,2.0,4.0,-0.42595215000000003,5.0,-0.976081394,,,,,,,,
3,fur__delfur_dpd,-0.516483105,0.34259573864288767,2.0,6.0,-0.274231335,7.0,-0.758734875,,,,,,,,
4,fur__delfur_fe2,-0.030001423500000013,0.24060920079779996,2.0,8.0,-0.20013782100000002,9.0,0.140134974,,,,,,,,
5,acid__wt_ph5,0.2842488635,0.29707639367777633,2.0,10.0,0.074184131,11.0,0.494313596,,,,,,,,
6,acid__delgadx_ph5,-0.22267995000000002,,1.0,12.0,-0.22267995000000002,,,,,,,,,,
7,acid__delgadw_ph5,-0.282356131,0.5853695043136643,2.0,13.0,0.13156261500000002,14.0,-0.696274877,,,,,,,,
8,acid__delgade_ph5,0.3096990855,0.05303264725742586,2.0,15.0,0.27219934100000004,16.0,0.34719883,,,,,,,,
9,oxidative__wt_pq,-0.48372872450000004,0.3275325787589918,2.0,17.0,-0.25212821700000004,18.0,-0.7153292320000001,,,,,,,,
10,oxidative__deloxyr_pq,-0.7029846125000001,0.06480423709571377,2.0,19.0,-0.7488081280000001,20.0,-0.657161097,,,,,,,,
11,oxidative__delsoxr_pq,-0.5098056070000001,0.29370965818132805,2.0,21.0,-0.30212151600000003,22.0,-0.7174896980000001,,,,,,,,
12,oxidative__delsoxs_pq,-0.673094992,0.3210306986719627,2.0,23.0,-0.44609200800000004,24.0,-0.9000979760000001,,,,,,,,
13,nac_ntrc__wt_csn,0.153004086,0.12084334399482584,2.0,25.0,0.06755493800000001,26.0,0.23845323400000001,,,,,,,,
14,nac_ntrc__wt_cytd,-0.2239529325,0.2949688279753243,2.0,27.0,-0.43252739100000004,28.0,-0.015378474000000001,,,,,,,,
15,nac_ntrc__wt_gln,0.45276199150000007,0.45099214996195686,2.0,29.0,0.7716615990000001,30.0,0.133862384,,,,,,,,
16,nac_ntrc__bw_delnac_csn,0.04032687500000004,1.0566889695870099,2.0,31.0,0.7875188110000001,32.0,-0.706865061,,,,,,,,
17,nac_ntrc__bw_delnac_cytd,0.28425420450000005,0.10005197005929373,2.0,33.0,0.213506778,34.0,0.35500163100000004,,,,,,,,
18,nac_ntrc__bw_delnac_gln,-0.13751302650000002,0.019181072591668204,2.0,35.0,-0.12394996,36.0,-0.15107609300000002,,,,,,,,
19,nac_ntrc__bw_delnac_nh4,0.44734015950000006,0.0135095571901747,2.0,37.0,0.43778746,38.0,0.45689285900000004,,,,,,,,
20,misc__wt_no_te,-0.7653209035,0.03888360744308342,2.0,39.0,-0.737826041,40.0,-0.792815766,,,,,,,,
21,misc__bw_delcbl,0.409871679,0.14222823012846725,2.0,41.0,0.510442225,42.0,0.309301133,,,,,,,,
22,misc__bw_delfabr,0.36586999350000005,0.24178533292116114,2.0,43.0,0.5368380420000001,44.0,0.19490194500000002,,,,,,,,
23,misc__bw_delfadr,0.4193867765,0.17834354563590366,2.0,45.0,0.29327884600000004,46.0,0.545494707,,,,,,,,
24,misc__nitr_031,-1.491861993,,1.0,47.0,-1.491861993,,,,,,,,,,
25,omics__wt_glu,-0.276813959,0.21568589646966535,2.0,48.0,-0.12430099900000001,49.0,-0.42932691900000003,,,,,,,,
26,omics__wt_gly,-0.089504624,0.6193363798111622,2.0,50.0,-0.527441578,51.0,0.34843233,,,,,,,,
27,omics__wt_thr,0.6243045115,0.4458813207404695,2.0,52.0,0.939590217,53.0,0.30901880600000003,,,,,,,,
28,omics__bw_ac,0.2577691825,0.10047931145671736,2.0,54.0,0.18671958,55.0,0.328818785,,,,,,,,
29,omics__bw_fum,-0.1557405205,0.015549878451949392,2.0,56.0,-0.166735945,57.0,-0.14474509600000002,,,,,,,,
30,omics__bw_glc,0.07661221450000001,0.13926817578350995,2.0,58.0,0.17508968600000002,59.0,-0.021865257000000003,,,,,,,,
31,omics__bw_pyr,0.018051738499999997,0.35237030124629254,2.0,60.0,-0.231111691,61.0,0.267215168,,,,,,,,
32,ompr__wt_nacl,-1.4464646175,0.04869574216530664,2.0,62.0,-1.480897707,63.0,-1.412031528,,,,,,,,
33,ompr__bw_delompr_nacl,-0.5741686690000001,0.5139640499418734,2.0,64.0,-0.21074120400000002,65.0,-0.9375961340000001,,,,,,,,
34,minspan__wt_ade,0.932451231,,1.0,66.0,0.932451231,,,,,,,,,,
35,minspan__wt_glc,0.07583979333333334,0.22817859351292158,3.0,67.0,-0.10174061200000001,68.0,0.333195622,69.0,-0.00393563,,,,,,
36,minspan__wt_glc_anaero,-1.828104515,1.232082291076428,2.0,70.0,-0.9568907720000001,71.0,-2.699318258,,,,,,,,
37,minspan__wt_trp,-0.088956831,,1.0,72.0,-0.088956831,,,,,,,,,,
38,minspan__bw_delcra_glc,-0.447817418,,1.0,73.0,-0.447817418,,,,,,,,,,
39,minspan__bw_delcra_trp,-0.40688906700000005,,1.0,74.0,-0.40688906700000005,,,,,,,,,,
40,minspan__bw_delmntr,-1.11138463,,1.0,75.0,-1.11138463,,,,,,,,,,
41,minspan__bw_delnac_ade,0.21399441400000002,,1.0,76.0,0.21399441400000002,,,,,,,,,,
42,minspan__bw_delnac_glc,0.568811811,,1.0,77.0,0.568811811,,,,,,,,,,
43,cra_crp__wt_ac,-0.747429085,0.001494679485644961,2.0,78.0,-0.748485983,79.0,-0.7463721870000001,,,,,,,,
44,cra_crp__wt_fru,-1.150582006,0.5448085186703467,2.0,80.0,-0.765344208,81.0,-1.535819804,,,,,,,,
45,cra_crp__delcra_ac,0.6167046805,0.36095972389305075,2.0,82.0,0.8719417490000001,83.0,0.36146761200000005,,,,,,,,
46,cra_crp__delcra_fru,0.368148974,0.21184623593714427,2.0,84.0,0.218351064,85.0,0.517946884,,,,,,,,
47,cra_crp__delcra_glc,0.5200123885,0.045666703189883535,2.0,86.0,0.552303624,87.0,0.487721153,,,,,,,,
48,rpoB__wt_031,-0.9163677050000001,,1.0,88.0,-0.9163677050000001,,,,,,,,,,
49,rpoB__wt_044,-0.48299636300000004,,1.0,89.0,-0.48299636300000004,,,,,,,,,,
50,rpoB__wt_lb,-0.8754215275,0.9297878580612147,2.0,90.0,-0.217962228,91.0,-1.532880827,,,,,,,,
51,rpoB__rpoBE546V_031,-0.44916737300000004,,1.0,92.0,-0.44916737300000004,,,,,,,,,,
52,rpoB__rpoBE546V_044,-2.464234418,,1.0,93.0,-2.464234418,,,,,,,,,,
53,rpoB__rpoBE546V_lb,-1.4115051570000001,0.18460499527519372,2.0,94.0,-1.280969713,95.0,-1.542040601,,,,,,,,
54,rpoB__rpoBE546V_glc,-0.372992299,,1.0,96.0,-0.372992299,,,,,,,,,,
55,rpoB__rpoBE672K_glc,-0.8507376320000001,0.18285695094456816,2.0,97.0,-0.9800370220000001,98.0,-0.7214382420000001,,,,,,,,
56,rpoB__rpoBE672K_lb,-1.5737141810000002,0.4469553869497139,2.0,99.0,-1.257668996,100.0,-1.889759366,,,,,,,,
57,crp__wt_fru,0.145671193,,1.0,101.0,0.145671193,,,,,,,,,,
58,crp__wt_glyc,0.182983477,0.22468436483299073,2.0,102.0,0.341859315,103.0,0.024107639,,,,,,,,
59,crp__delar1_glyc,-0.8169348305000002,0.0792930091915044,2.0,104.0,-0.8730034550000001,105.0,-0.7608662060000001,,,,,,,,
60,crp__delar1ar2_glyc,-0.8230267626666667,0.49101595022900524,3.0,106.0,-1.079666518,107.0,-1.132540975,108.0,-0.25687279500000004,,,,,,
61,crp__delar2_glyc,-1.075952771,0.46947576342521313,3.0,109.0,-1.57133003,110.0,-1.018943246,111.0,-0.637585037,,,,,,
62,crp__delcrp_fru,-0.9122632776666668,0.42839934749241587,3.0,112.0,-1.266103918,113.0,-1.03471497,114.0,-0.43597094500000005,,,,,,
63,crp__delcrp_glc,-0.9119583410000001,0.19921156913179622,3.0,115.0,-0.685767408,116.0,-1.061295988,117.0,-0.988811627,,,,,,
64,crp__delcrp_glyc,-0.5362890593333334,0.3562816929620364,3.0,118.0,-0.319156835,119.0,-0.9474718310000001,120.0,-0.342238512,,,,,,
65,glu__glu_ale3,-1.347088931,,1.0,121.0,-1.347088931,,,,,,,,,,
66,glu__glu_ale4,-1.5169917110000002,,1.0,122.0,-1.5169917110000002,,,,,,,,,,
67,glu__glu_ale5,-0.916497443,,1.0,123.0,-0.916497443,,,,,,,,,,
68,glu__glu_ale6,-2.2221646870000002,,1.0,124.0,-2.2221646870000002,,,,,,,,,,
69,glu__glu_ale8,-1.728987797,,1.0,125.0,-1.728987797,,,,,,,,,,
70,glu__glu_ale9,-1.8503659520000002,,1.0,126.0,-1.8503659520000002,,,,,,,,,,
71,glu__glu_ale10,-1.341204113,,1.0,127.0,-1.341204113,,,,,,,,,,
72,42c__wt_42c,0.08195656400000001,,1.0,128.0,0.08195656400000001,,,,,,,,,,
73,42c__42c_ale1,-0.28894768400000004,,1.0,129.0,-0.28894768400000004,,,,,,,,,,
74,42c__42c_ale2,-1.050703871,,1.0,130.0,-1.050703871,,,,,,,,,,
75,42c__42c_ale3,-0.9775842140000001,,1.0,131.0,-0.9775842140000001,,,,,,,,,,
76,42c__42c_ale4,-0.12016375300000001,,1.0,132.0,-0.12016375300000001,,,,,,,,,,
77,42c__42c_ale5,0.001229506,,1.0,133.0,0.001229506,,,,,,,,,,
78,42c__42c_ale6,-1.343580158,,1.0,134.0,-1.343580158,,,,,,,,,,
79,42c__42c_ale8,-1.248342349,,1.0,135.0,-1.248342349,,,,,,,,,,
80,42c__42c_ale9,-2.099528985,,1.0,136.0,-2.099528985,,,,,,,,,,
81,42c__42c_ale10,-0.813330069,,1.0,137.0,-0.813330069,,,,,,,,,,
82,ssw__wt_ac,-0.9819911090000001,,1.0,138.0,-0.9819911090000001,,,,,,,,,,
83,ssw__wt_glc,-1.025080209,,1.0,139.0,-1.025080209,,,,,,,,,,
84,ssw__wt_glyc,-0.6059234560000001,,1.0,140.0,-0.6059234560000001,,,,,,,,,,
85,ssw__wt_xyl,-1.367581959,,1.0,141.0,-1.367581959,,,,,,,,,,
86,ssw__glc_ale1,-0.27923103600000004,,1.0,142.0,-0.27923103600000004,,,,,,,,,,
87,ssw__glc_ale2,-0.257573767,,1.0,143.0,-0.257573767,,,,,,,,,,
88,ssw__glc_ale3,-2.094680204,,1.0,144.0,-2.094680204,,,,,,,,,,
89,ssw__glyc_ale1,-0.293213345,,1.0,145.0,-0.293213345,,,,,,,,,,
90,ssw__glyc_ale2,-1.7980247820000002,,1.0,146.0,-1.7980247820000002,,,,,,,,,,
91,ssw__xyl_ale1,0.349773975,,1.0,147.0,0.349773975,,,,,,,,,,
92,ssw__xyl_ale2,0.377034709,,1.0,148.0,0.377034709,,,,,,,,,,
93,ssw__xyl_ale3,0.210745218,,1.0,149.0,0.210745218,,,,,,,,,,
94,ssw__glc_ac_ac2,-0.163935352,,1.0,150.0,-0.163935352,,,,,,,,,,
95,ssw__glc_ac_glc1,0.74632405,,1.0,151.0,0.74632405,,,,,,,,,,
96,ssw__glc_glyc_glc,-0.47073112800000005,,1.0,152.0,-0.47073112800000005,,,,,,,,,,
97,ssw__glc_glyc_glyc,-0.17786183300000002,,1.0,153.0,-0.17786183300000002,,,,,,,,,,
98,ssw__glc_xyl_glc,-0.020559597000000002,,1.0,154.0,-0.020559597000000002,,,,,,,,,,
99,ssw__glc_xyl_xyl,0.36520841,,1.0,155.0,0.36520841,,,,,,,,,,
100,ica__wt_glc,-0.11891321916666664,0.6783523329204701,6.0,156.0,0.12186216600000001,157.0,-0.181049478,158.0,-1.204469172,159.0,-0.531208949,180.0,0.6416766150000001,181.0,0.439709503
101,ica__arg_sbt,-0.6203961165,0.06412769288382364,2.0,160.0,-0.57505099,161.0,-0.665741243,,,,,,,,
102,ica__cytd_rib,-1.703371133,0.6057942186344139,2.0,162.0,-2.131732333,163.0,-1.275009933,,,,,,,,
103,ica__gth,-1.8406654045,0.10011718934614966,2.0,164.0,-1.911458948,165.0,-1.769871861,,,,,,,,
104,ica__leu_glcr,-1.0994851175,0.09494580774256216,2.0,166.0,-1.032348293,167.0,-1.166621942,,,,,,,,
105,ica__met_glc,-0.6257144255,0.18181870676485873,2.0,168.0,-0.7542796660000001,169.0,-0.49714918500000005,,,,,,,,
106,ica__no3_anaero,-1.153692995,0.3216761542271111,2.0,170.0,-1.381152385,171.0,-0.9262336050000001,,,,,,,,
107,ica__phe_acgam,-0.5704524900000001,0.04861616083261798,2.0,172.0,-0.536075673,173.0,-0.604829307,,,,,,,,
108,ica__thm_gal,-0.3469749245,0.01884010428756644,2.0,174.0,-0.36029689,175.0,-0.333652959,,,,,,,,
109,ica__tyr_glcn,-0.439107994,0.1190266919216489,2.0,176.0,-0.35494341300000004,177.0,-0.523272575,,,,,,,,
110,ica__ura_pyr,-0.7684285435,0.16557422812936162,2.0,178.0,-0.651349884,179.0,-0.8855072030000001,,,,,,,,
111,ica__bw_delpurR_cytd,0.6214933795,0.23110758353325353,2.0,182.0,0.45807564,183.0,0.7849111190000001,,,,,,,,
112,ica__ade_glc,0.18604920400000002,0.16382807248094866,2.0,184.0,0.30189314500000003,185.0,0.070205263,,,,,,,,
113,ytf__wt_glc,0.39805995050000004,0.39794493701194533,2.0,186.0,0.116670387,187.0,0.6794495140000001,,,,,,,,
114,ytf__delyafC,-0.2204392345,0.2825197011472255,2.0,188.0,-0.420210831,189.0,-0.020667638000000002,,,,,,,,
115,ytf__delyeiE,0.240033548,0.43172867114600916,2.0,190.0,-0.065244723,191.0,0.545311819,,,,,,,,
116,ytf__delyiaJ,0.3403408795,0.2494339598950455,2.0,192.0,0.16396443500000002,193.0,0.516717324,,,,,,,,
117,ytf__delyieP,0.1124555435,0.08436695572328495,2.0,194.0,0.052799097,195.0,0.17211199,,,,,,,,
118,ytf__wt_ph5,0.0068434555,0.03765207350341632,2.0,196.0,-0.019780581000000002,197.0,0.033467492,,,,,,,,
119,ytf__wt_ph8,0.32229324150000005,0.04014109361583362,2.0,198.0,0.29390920200000004,199.0,0.350677281,,,,,,,,
120,ytf__delybaO,-0.5914523765,0.5229573076353282,2.0,200.0,-0.9612390350000001,201.0,-0.221665718,,,,,,,,
121,ytf__delybaQ,0.1646918365,0.21764921026743494,2.0,202.0,0.010790604,203.0,0.318593069,,,,,,,,
122,ytf__delybiH,0.2103892195,0.09026369594829489,2.0,204.0,0.146563148,205.0,0.274215291,,,,,,,,
123,ytf__delydcI_ph5,-0.080220232,0.02335954828814226,2.0,206.0,-0.096737927,207.0,-0.063702537,,,,,,,,
124,ytf__delydcI_ph8,0.29608455550000007,0.4845280028641283,2.0,208.0,-0.046528481000000003,209.0,0.6386975920000001,,,,,,,,
125,ytf__delyddM,-0.3217274685,0.02782933783632959,2.0,210.0,-0.34140578200000005,211.0,-0.302049155,,,,,,,,
126,ytf__delyheO,0.035128828500000014,0.4746970986995053,2.0,212.0,-0.300532709,213.0,0.37079036600000004,,,,,,,,
127,fps__bw_glc,0.1402583735,0.05709549756014712,2.0,214.0,0.09988576,215.0,0.18063098700000002,,,,,,,,
128,fps__fps_thrA_ale1,0.4460736095000001,0.15669125151660748,2.0,216.0,0.335276163,217.0,0.5568710560000001,,,,,,,,
129,fps__fps_thrA_ale2,0.42514474700000005,0.08504862009537764,2.0,218.0,0.48528320300000005,219.0,0.36500629100000004,,,,,,,,
130,fps__fps_serB_ale1,0.0958584395,0.07711987913408723,2.0,220.0,0.04132645,221.0,0.15039042900000002,,,,,,,,
131,fps__fps_serB_ale4,-0.357068453,0.22387834088418399,2.0,222.0,-0.515374346,223.0,-0.19876256,,,,,,,,
132,fps__fps_ptsI_ale1,-0.12091719,0.2755786144109845,2.0,224.0,0.07394631700000001,225.0,-0.315780697,,,,,,,,
133,fps__fps_ptsI_ale3,-0.2514485235,0.03868777280582024,2.0,226.0,-0.22409213700000002,227.0,-0.27880491,,,,,,,,
134,pal__lyx_ale2_f6,0.668036469,,1.0,228.0,0.668036469,,,,,,,,,,
135,pal__lyx_ale2,-0.0982752765,0.39764967891860653,2.0,229.0,-0.379456061,230.0,0.18290550800000002,,,,,,,,
136,pal__lyx_ale4,-0.101039455,0.11643437340799516,2.0,231.0,-0.01870792,232.0,-0.18337099,,,,,,,,
137,pal__5drib_ale10_f18,0.108402775,0.12723857753000953,2.0,233.0,0.018431514,234.0,0.198374036,,,,,,,,
138,pal__5drib_ale10,-0.341398409,,1.0,235.0,-0.341398409,,,,,,,,,,
139,pal__arab_ale14_f9,-0.0170875905,0.09322985474609415,2.0,236.0,-0.083011053,237.0,0.048835872,,,,,,,,
140,pal__arab_ale14,-0.180935762,0.2097881988220737,2.0,238.0,-0.32927842,239.0,-0.032593104000000005,,,,,,,,
141,pal__arab_ale16,0.7092536925,0.28090262147775713,2.0,240.0,0.510625544,241.0,0.907881841,,,,,,,,
142,pal__tartr_ale26_f10,-0.7137296285,0.6567234862615323,2.0,242.0,-0.24935599800000002,243.0,-1.178103259,,,,,,,,
143,pal__tartr_ale26,-1.192866295,0.4480790559925517,2.0,244.0,-1.5097060340000001,245.0,-0.876026556,,,,,,,,
144,pal__tartr_ale28_f10,-0.6568931640000001,0.15382055142716156,2.0,246.0,-0.5481256090000001,247.0,-0.7656607190000001,,,,,,,,
145,pal__tartr_ale28,-0.125583001,0.07071064417752926,2.0,248.0,-0.075583025,249.0,-0.175582977,,,,,,,,
146,efeU__delmenFentC_citr,0.4789271265,0.4325736036454506,2.0,250.0,0.784802855,251.0,0.17305139800000002,,,,,,,,
147,efeU__delmenFentC,-0.16055467900000003,0.2703352012538113,2.0,252.0,0.030601175,253.0,-0.35171053300000005,,,,,,,,
148,efeU__menFentC_ale39,-0.060472195500000006,0.017706735153904366,2.0,254.0,-0.047951643,255.0,-0.07299274800000001,,,,,,,,
149,efeU__menFentC_ale29,-0.22223116350000005,0.44148827561256476,2.0,256.0,0.08994819,257.0,-0.5344105170000001,,,,,,,,
150,efeU__menFentC_ale30,0.2330753015,0.39657946573421293,2.0,258.0,0.513499331,259.0,-0.047348728,,,,,,,,
151,efeU__menFentCubiC_ale36,-0.42990207950000003,0.27324352649508404,2.0,260.0,-0.62311443,261.0,-0.23668972900000002,,,,,,,,
152,efeU__menFentCubiC_ale37,-0.221940572,0.3672774479184146,2.0,262.0,0.037763802,263.0,-0.481644946,,,,,,,,
153,efeU__menFentCubiC_ale38,0.48517884850000004,0.045596122619412635,2.0,264.0,0.452937521,265.0,0.517420176,,,,,,,,
154,misc2__salc_glc,-1.5843557600000002,0.3869711835330449,2.0,266.0,-1.310725812,267.0,-1.8579857080000002,,,,,,,,
155,misc2__dbcn_glc,-1.3024624935000002,0.28749090506369973,2.0,268.0,-1.099175725,269.0,-1.5057492620000001,,,,,,,,
156,misc2__tyr_glc,0.1346090525,0.02167254919304336,2.0,270.0,0.11928424600000001,271.0,0.149933859,,,,,,,,
157,misc2__arg_cytd,0.0600326625,0.06699395022136331,2.0,272.0,0.012660786,273.0,0.10740453900000001,,,,,,,,
158,misc2__delyheO_pyr,0.6179728755,0.04538687558072395,2.0,274.0,0.650066243,275.0,0.585879508,,,,,,,,
159,nquinone__delubiC,0.207931369,0.23630241774745242,2.0,276.0,0.040840327,277.0,0.375022411,,,,,,,,
160,nquinone__ubiC_ale1,0.07341764150000002,0.2594234624538344,2.0,278.0,0.25685773100000003,279.0,-0.11002244800000001,,,,,,,,
161,nquinone__ubiC_ale2,-0.16968925950000002,0.11379034205411291,2.0,280.0,-0.089227337,281.0,-0.250151182,,,,,,,,
162,nquinone__ubiC_ale3,-0.682479827,0.36668383036139485,2.0,282.0,-0.42319520400000005,283.0,-0.94176445,,,,,,,,
163,nquinone__ubiC_ale4,0.0823681315,0.3424960358796336,2.0,284.0,-0.15981313800000002,285.0,0.324549401,,,,,,,,
164,nquinone__delpdhR,0.1489760675,0.3531502357833006,2.0,286.0,-0.100738859,287.0,0.398690994,,,,,,,,
165,quinone__glu_ale4,-1.776490722,0.2098214894093319,2.0,288.0,-1.628124524,289.0,-1.9248569199999999,,,,,,,,
166,quinone__delmenF,-0.41665045,0.41788256860464906,2.0,290.0,-0.121162852,291.0,-0.712138048,,,,,,,,
167,quinone__menF_ale5,-0.314378018,0.7514070874959222,2.0,292.0,0.216947029,293.0,-0.845703065,,,,,,,,
168,quinone__menF_ale6,-0.798972936,0.11051369479001495,2.0,294.0,-0.720827953,295.0,-0.877117919,,,,,,,,
169,quinone__menF_ale7,-0.26688795400000004,0.17194161226396829,2.0,296.0,-0.145306874,297.0,-0.38846903400000005,,,,,,,,
170,quinone__menF_ale8,-0.069502016,0.026436628098279142,2.0,298.0,-0.050808497,299.0,-0.088195535,,,,,,,,
171,quinone__delmenFubiC,-0.45868887,0.6663428502401753,2.0,300.0,-0.9298644180000001,301.0,0.012486678000000001,,,,,,,,
172,quinone__menFubiC_ale1,-0.3070897685,0.3019469607429384,2.0,302.0,-0.5205985120000001,303.0,-0.09358102500000001,,,,,,,,
173,quinone__menFubiC_ale2,-0.28712809100000003,0.09331714919955199,2.0,304.0,-0.221142902,305.0,-0.35311328000000003,,,,,,,,
174,quinone__menFubiC_ale3,0.010058799,0.1208976186829226,2.0,306.0,0.095546325,307.0,-0.075428727,,,,,,,,
175,quinone__menFubiC_ale4,-0.445756664,0.06534153713314582,2.0,308.0,-0.39955322,309.0,-0.491960108,,,,,,,,
176,oxyR__wt_glc,1.5678710785,0.10367313176800107,2.0,310.0,1.641179053,311.0,1.494563104,,,,,,,,
177,oxyR__wt_h2o2,1.3811063570000002,0.03802590742360082,2.0,312.0,1.35421798,313.0,1.407994734,,,,,,,,
178,oxyR__glu_ale4,-0.653326721,0.17384888997064915,2.0,314.0,-0.530396992,315.0,-0.77625645,,,,,,,,
179,oxyR__glu_ale4_h2o2,-0.7666992875,0.35264217390416375,2.0,316.0,-1.01605496,317.0,-0.517343615,,,,,,,,
180,oxyR__oxyR_ale17,0.9724387985,0.05674045783109976,2.0,318.0,1.012560361,319.0,0.932317236,,,,,,,,
181,oxyR__oxyR_ale17_h2o2,1.301982974,0.12129336796357637,2.0,320.0,1.216215611,321.0,1.387750337,,,,,,,,
182,oxyR__oxyR_ale18,1.3160618755,0.19356015546949176,2.0,322.0,1.4529295740000001,323.0,1.179194177,,,,,,,,
183,oxyR__oxyR_ale18_h2o2,1.2384954700000002,0.24860637838180072,2.0,324.0,1.062704214,325.0,1.414286726,,,,,,,,
184,oxyR__oxyR_ale19,1.6868354845,0.12357894426265813,2.0,326.0,1.774218994,327.0,1.599451975,,,,,,,,
185,oxyR__oxyR_ale19_h2o2,1.502078199,0.22228783287333898,2.0,328.0,1.659259433,329.0,1.344896965,,,,,,,,
186,oxyR__oxyR_ale20,1.0487145485,0.026277815450758656,2.0,330.0,1.06729577,331.0,1.030133327,,,,,,,,
187,oxyR__oxyR_ale20_h2o2,1.4261493135,0.3724067573756282,2.0,332.0,1.689480657,333.0,1.16281797,,,,,,,,
188,svns_pgi__BmePgi24_15,1.8459757465000002,0.036824296121593124,2.0,334.0,1.819937037,335.0,1.872014456,,,,,,,,
189,svns_pgi__BmePgi24_26,1.8443779855,0.005926071721400258,2.0,336.0,1.84018762,337.0,1.848568351,,,,,,,,
190,svns_pgi__BmePgi24_41,1.7148979105,0.2929525469298963,2.0,338.0,1.507749178,339.0,1.922046643,,,,,,,,
191,svns_pgi__BmePgi24_52,1.7048696825,0.06879175789882164,2.0,340.0,1.656226564,341.0,1.753512801,,,,,,,,
192,svns_pgi__PaePgi2_34,1.875438237,0.2143891842553354,2.0,342.0,1.7238421910000001,343.0,2.027034283,,,,,,,,
193,svns_pgi__PaePgi2_63,1.6728489940000002,0.07084396067584066,2.0,344.0,1.622754749,345.0,1.7229432390000001,,,,,,,,
194,svns_pgi__PaePgi24_54,1.9131171475,0.18199659927465608,2.0,346.0,1.784426118,347.0,2.041808177,,,,,,,,
195,svns_pgi__PaePgi24_90,1.740758084,0.03513078740146657,2.0,348.0,1.7159168660000002,349.0,1.765599302,,,,,,,,
196,abx_media__m9_ctrl,0.185089554,0.15422728773298142,2.0,350.0,0.294144715,351.0,0.076034393,,,,,,,,
197,abx_media__rpmi_ctrl,0.4445023855,0.2492043849506112,2.0,352.0,0.620716496,353.0,0.268288275,,,,,,,,
198,abx_media__camhb_ctrl,1.042925638,0.295765219008451,2.0,354.0,1.25206323,355.0,0.833788046,,,,,,,,
199,abx_media__m9_mero,0.06673234200000001,0.3385364606436251,2.0,356.0,-0.172649085,357.0,0.30611376900000004,,,,,,,,
200,abx_media__rpmi_mero,0.575107383,0.21663923480262376,2.0,358.0,0.42192031100000005,359.0,0.728294455,,,,,,,,
201,abx_media__camhb_mero,0.7665506935,0.04746011124894934,2.0,360.0,0.732991327,361.0,0.8001100600000001,,,,,,,,
202,abx_media__m9_trisulf,-0.90425383,0.34763777627406034,2.0,362.0,-1.150070859,363.0,-0.658436801,,,,,,,,
203,abx_media__rpmi_trisulf,-0.484145563,0.11459524241024432,2.0,364.0,-0.40311449,365.0,-0.565176636,,,,,,,,
204,abx_media__camhb_trisulf,-0.021526934499999997,0.2338070018541993,2.0,366.0,0.143799582,367.0,-0.186853451,,,,,,,,
205,abx_media__m9_cef,-0.2122150625,0.3334800906651044,2.0,368.0,0.023590971000000002,369.0,-0.448021096,,,,,,,,
206,abx_media__rpmi_cef,-0.904288202,0.005104950335708464,2.0,370.0,-0.907897947,371.0,-0.900678457,,,,,,,,
207,abx_media__camhb_cef,0.436359045,0.06838337898394901,2.0,372.0,0.484713396,373.0,0.38800469400000004,,,,,,,,
208,abx_media__m9_cipro,-0.9587419530000001,0.14696445256205806,2.0,374.0,-0.8548223920000001,375.0,-1.062661514,,,,,,,,
209,abx_media__rpmi_cipro,-0.7657514895,0.05471263538878926,2.0,376.0,-0.7270638140000001,377.0,-0.804439165,,,,,,,,
210,abx_media__camhb_cipro,-0.5885905010000001,0.02109281992031301,2.0,378.0,-0.6035053770000001,379.0,-0.573675625,,,,,,,,
211,hot_tale__42c_ale3_30c,0.336313399,0.47402395213569876,2.0,380.0,0.001127848,381.0,0.67149895,,,,,,,,
212,hot_tale__42c_ale3_37c,0.6420816665,0.30755274491226636,2.0,382.0,0.424609035,383.0,0.859554298,,,,,,,,
213,hot_tale__42c_ale3_44c,1.6135222195,0.008927365240943085,2.0,384.0,1.607209619,385.0,1.61983482,,,,,,,,
214,hot_tale__hot_ale3_mid_30c,1.3549130185,0.1437120194625752,2.0,386.0,1.4565327620000001,387.0,1.253293275,,,,,,,,
215,hot_tale__hot_ale3_mid_37c,1.459522133,0.3101459225606593,2.0,388.0,1.240215848,389.0,1.6788284180000002,,,,,,,,
216,hot_tale__hot_ale3_mid_44c,1.9678365535000002,0.29007554581192335,2.0,390.0,2.172950939,391.0,1.762722168,,,,,,,,
217,hot_tale__hot_ale3_30c,0.9125837510000001,0.021500455665958547,2.0,392.0,0.897380633,393.0,0.9277868690000001,,,,,,,,
218,hot_tale__hot_ale3_37c,0.8912067045000001,0.12094207660757615,2.0,394.0,0.9767256670000001,395.0,0.805687742,,,,,,,,
219,hot_tale__hot_ale3_44c,1.232446192,0.25587050614392004,2.0,396.0,1.413373962,397.0,1.051518422,,,,,,,,
220,hot_tale__hot_ale4_30c,0.167391549,0.09548507353684604,2.0,398.0,0.09987340600000001,399.0,0.234909692,,,,,,,,
221,hot_tale__hot_ale4_37c,0.6644595545,0.07397918375527411,2.0,400.0,0.716770737,401.0,0.612148372,,,,,,,,
222,hot_tale__hot_ale4_44c,1.4798665065,0.4528640779864327,2.0,402.0,1.800089767,403.0,1.159643246,,,,,,,,
223,hot_tale__hot_ale8_30c,-0.05002634400000001,0.16237594243875478,2.0,404.0,-0.16484347400000002,405.0,0.064790786,,,,,,,,
224,hot_tale__hot_ale8_37c,0.1714586485,0.2434612891296582,2.0,406.0,-0.00069448,407.0,0.343611777,,,,,,,,
225,hot_tale__hot_ale8_44c,1.2835443565,0.046049568984984114,2.0,408.0,1.316106319,409.0,1.250982394,,,,,,,,
226,hot_tale__hot_ale9_mid_30c,-0.1528055315,0.4599748738856923,2.0,410.0,0.172445821,411.0,-0.478056884,,,,,,,,
227,hot_tale__hot_ale9_30c,0.5328904855000001,0.0005240827974781191,2.0,412.0,0.5325199030000001,413.0,0.5332610680000001,,,,,,,,
228,hot_tale__hot_ale9_mid_37c,0.9447113565,0.013969895018435645,2.0,414.0,0.934833149,415.0,0.9545895640000001,,,,,,,,
229,hot_tale__hot_ale9_37c,0.5667567155000001,0.42092707695512416,2.0,416.0,0.8643971060000001,417.0,0.269116325,,,,,,,,
230,hot_tale__hot_ale9_mid_44c,1.5124425035,0.013927857520293975,2.0,418.0,1.5025940210000002,419.0,1.522290986,,,,,,,,
231,hot_tale__hot_ale9_44c,1.484545923,0.13898350802843296,2.0,420.0,1.582822104,421.0,1.386269742,,,,,,,,
232,hot_tale__hot_ale10_30c,1.463791161,0.1213192056453609,2.0,422.0,1.378005528,423.0,1.549576794,,,,,,,,
233,hot_tale__hot_ale10_37c,1.4633275635,0.19024859480807263,2.0,424.0,1.5978536349999999,425.0,1.328801492,,,,,,,,
234,hot_tale__hot_ale10_44c,1.936133609,0.28525147879579876,2.0,426.0,1.7344303540000001,427.0,2.137836864,,,,,,,,
235,hot_tale__hot_ale16_30c,0.65791995,0.06325509978131563,2.0,428.0,0.70264806,429.0,0.61319184,,,,,,,,
236,hot_tale__hot_ale16_37c,0.8516537420000001,0.18196845006080387,2.0,430.0,0.722982617,431.0,0.9803248670000001,,,,,,,,
237,hot_tale__hot_ale16_44c,2.0140503235000002,0.031955068316674336,2.0,432.0,2.036645969,433.0,1.9914546780000002,,,,,,,,
238,pdhr_ale__pdhR-13_51,1.7153295505,0.05755139192939508,2.0,434.0,1.75602453,435.0,1.674634571,,,,,,,,
239,pdhr_ale__pdhR-14_46,1.7037405945,0.053267040427467216,2.0,436.0,1.6660751089999999,437.0,1.74140608,,,,,,,,
240,pdhr_ale__pdhR-15_51,1.8694778525,0.20265102996119602,2.0,438.0,2.01277377,439.0,1.726181935,,,,,,,,
241,pdhr_ale__pdhR-16_49,1.59370071,0.4114936537756621,2.0,440.0,1.884670663,441.0,1.302730757,,,,,,,,
242,tcs__del_atoC_LiAcet,0.4348652525,0.0784810158472509,2.0,442.0,0.379370794,443.0,0.49035971100000003,,,,,,,,
243,tcs__del_atoC_LiCl,0.8103731835000001,0.06380564817140005,2.0,444.0,0.765255777,445.0,0.85549059,,,,,,,,
244,tcs__del_atoC_m9,0.9300254155000001,0.07802651730678899,2.0,446.0,0.874852336,447.0,0.985198495,,,,,,,,
245,tcs__del_baeR_etoh,-1.670568254,0.4460075216232418,2.0,448.0,-1.355193311,449.0,-1.985943197,,,,,,,,
246,tcs__del_baeR_lb,0.2665399455,0.3493890980446167,2.0,450.0,0.019484545000000002,451.0,0.513595346,,,,,,,,
247,tcs__del_btsR_01xlb,-0.627884251,0.22030221197794336,2.0,452.0,-0.7836614390000001,453.0,-0.47210706300000005,,,,,,,,
248,tcs__del_btsR_lb,0.143596835,0.11349246554436346,2.0,454.0,0.223848127,455.0,0.063345543,,,,,,,,
249,tcs__del_btsR_pyruvate,-0.7172707150000001,0.31590041552871145,2.0,456.0,-0.940646041,457.0,-0.493895389,,,,,,,,
250,tcs__del_cpxR_etoh,-0.6726821435,0.4641021840425864,2.0,458.0,-0.344512342,459.0,-1.000851945,,,,,,,,
251,tcs__del_cpxR_lb,0.0951289095,0.07456420147962098,2.0,460.0,0.042404057,461.0,0.147853762,,,,,,,,
252,tcs__del_cusR_CuSO4,-0.713939827,0.3626833426341337,2.0,462.0,-0.970395678,463.0,-0.457483976,,,,,,,,
253,tcs__del_cusR_lb,-0.2572040685,0.17543536959416173,2.0,464.0,-0.381255608,465.0,-0.13315252900000002,,,,,,,,
254,tcs__del_kdpE_01-kcl,0.755441056,0.046831513826571095,2.0,466.0,0.7223261750000001,467.0,0.788555937,,,,,,,,
255,tcs__del_kdpE_115-kcl,1.0398636685,0.16285746165064613,2.0,468.0,1.155021284,469.0,0.9247060530000001,,,,,,,,
256,tcs__del_phoB_m9,1.2067085005,0.19842952328155286,2.0,470.0,1.066397639,471.0,1.347019362,,,,,,,,
257,tcs__del_phoB_m9p,-0.0026611039999999975,0.20252063169257076,2.0,472.0,-0.145864816,473.0,0.140542608,,,,,,,,
258,tcs__del_rcsB_etoh,-1.0389119705,0.4958362708835386,2.0,474.0,-0.6883027810000001,475.0,-1.3895211600000001,,,,,,,,
259,tcs__del_rcsB_lb,-0.020423031,0.027736489766212312,2.0,476.0,-0.000810371,477.0,-0.040035691000000005,,,,,,,,
260,tcs__del_zraR_lb,0.018384224499999997,0.1634215080020766,2.0,478.0,0.133940681,479.0,-0.09717223200000001,,,,,,,,
261,tcs__del_zraR_zncl2,0.2059495905,0.021428349866160587,2.0,480.0,0.190797459,481.0,0.221101722,,,,,,,,
262,tcs__wt_01-kcl,1.0211727590000002,0.3130539741516077,2.0,482.0,1.242535347,483.0,0.7998101710000001,,,,,,,,
263,tcs__wt_01xlb,-0.44398169000000004,0.01945564569033681,2.0,484.0,-0.457738909,485.0,-0.43022447100000005,,,,,,,,
264,tcs__wt_115-kcl,1.045097829,0.07955142065758225,2.0,486.0,0.98884648,487.0,1.101349178,,,,,,,,
265,tcs__wt_CuSO4,0.09080465750000001,0.1567144955307186,2.0,488.0,0.20161854,489.0,-0.020009225000000002,,,,,,,,
266,tcs__wt_etoh,-0.6769391135,0.004364671054096164,2.0,490.0,-0.673852825,491.0,-0.6800254020000001,,,,,,,,
267,tcs__wt_lb,0.894690675,0.23420752198430572,2.0,492.0,1.060300402,493.0,0.729080948,,,,,,,,
268,tcs__wt_LiAcet,0.42840019650000005,0.11382410357448744,2.0,494.0,0.34791440100000004,495.0,0.5088859920000001,,,,,,,,
269,tcs__wt_LiCl,0.898802681,0.3068148980779812,2.0,496.0,1.115753576,497.0,0.6818517860000001,,,,,,,,
270,tcs__wt_m9p,0.320566412,0.34960603911219157,2.0,498.0,0.567775213,499.0,0.073357611,,,,,,,,
271,tcs__wt_pyr,-0.8192333945000001,0.11953914988364435,2.0,500.0,-0.9037603380000001,501.0,-0.7347064510000001,,,,,,,,
272,tcs__wt_zncl2,0.104722405,0.09904303969830515,2.0,502.0,0.17475641,503.0,0.0346884,,,,,,,,
273,ros_tale__1_112_0pq,-0.7531943645000001,0.27665744651993407,2.0,504.0,-0.5575680080000001,505.0,-0.948820721,,,,,,,,
274,ros_tale__1_112_250pq,-0.6152163325000001,0.13648379858280454,2.0,506.0,-0.7117249520000001,507.0,-0.5187077130000001,,,,,,,,
275,ros_tale__1_112_750pq,-0.34640280100000004,0.4330060732637184,3.0,508.0,-0.637264946,509.0,0.151226609,510.0,-0.5531700660000001,,,,,,
276,ros_tale__3_76_0pq,-0.24059416225000002,0.1876645215704492,4.0,511.0,-0.30094552900000004,512.0,0.033245274000000005,513.0,-0.393354584,514.0,-0.30132181,,,,
277,ros_tale__3_76_250pq,-1.288086356,0.4875032458627454,2.0,515.0,-1.632803207,516.0,-0.943369505,,,,,,,,
278,ros_tale__3_76_750pq,-1.2457025265000001,0.06078279355188517,2.0,517.0,-1.288682452,518.0,-1.202722601,,,,,,,,
279,ros_tale__7_103_0pq,-0.19307107550000002,0.29997433512414623,4.0,519.0,-0.482335591,520.0,-0.42086364800000003,521.0,0.046531652,522.0,0.084383285,,,,
280,ros_tale__7_103_250pq,-0.82513688,0.3109776286277587,2.0,523.0,-0.60524249,524.0,-1.04503127,,,,,,,,
281,ros_tale__7_103_750pq,-0.8443727545,0.046842111235900756,2.0,525.0,-0.81125038,526.0,-0.877495129,,,,,,,,
282,ros_tale__9_77_0pq,-2.1031333805,0.4400991558556424,2.0,527.0,-1.791936283,528.0,-2.414330478,,,,,,,,
283,ros_tale__9_77_250pq,-2.0834322815000004,0.18000699878229584,2.0,529.0,-2.210716451,530.0,-1.9561481120000002,,,,,,,,
284,ros_tale__9_77_750pq,-2.148016529,0.4167968499827576,2.0,531.0,-1.8532966499999999,532.0,-2.442736408,,,,,,,,
285,ros_tale__11_83_0pq,-0.3575602665,0.11863908780400759,2.0,533.0,-0.273669763,534.0,-0.44145077,,,,,,,,
286,ros_tale__11_83_250pq,-0.969318658,0.5357827856837524,2.0,535.0,-0.590463017,536.0,-1.348174299,,,,,,,,
287,ros_tale__11_83_750pq,-1.1647664975,0.5009099798274407,2.0,537.0,-1.518963341,538.0,-0.810569654,,,,,,,,
288,ros_tale__13_87_0pq,-0.7332624245,0.6673573964432199,2.0,539.0,-1.205155365,540.0,-0.26136948400000004,,,,,,,,
289,ros_tale__13_87_250pq,-0.38808747350000006,0.19852109360971665,2.0,541.0,-0.247711862,542.0,-0.528463085,,,,,,,,
290,ros_tale__13_87_750pq,-0.6399881385,0.29896248646529283,2.0,543.0,-0.428589737,544.0,-0.85138654,,,,,,,,
291,ros_tale__14_27_0pq,-1.4098685739999999,0.37821130713982715,2.0,545.0,-1.142432794,546.0,-1.6773043539999999,,,,,,,,
292,ros_tale__14_27_250pq,-1.393113973,0.3772983686457052,2.0,547.0,-1.659904208,548.0,-1.126323738,,,,,,,,
293,ros_tale__14_27_750pq,-1.247297115,0.2662001864614292,2.0,549.0,-1.435529072,550.0,-1.0590651580000001,,,,,,,,
294,ros_tale__16_28_250pq,-0.9138615065,0.3390741396902917,2.0,551.0,-1.15362313,552.0,-0.674099883,,,,,,,,
295,ros_tale__16_32_0pq,-1.0981004405,1.2102846306056938,4.0,553.0,-0.467234174,554.0,0.29571371300000004,555.0,-2.065768965,556.0,-2.155112336,,,,
296,ros_tale__16_32_250pq,-1.3830409085,0.11803428523192311,2.0,557.0,-1.299578065,558.0,-1.466503752,,,,,,,,
297,ros_tale__16_32_750pq,-0.10927297050000001,0.08056126460053209,2.0,559.0,-0.052307554000000006,560.0,-0.16623838700000002,,,,,,,,
298,ros_tale__17_104_0pq,-0.7297931965000001,0.15118760467918116,2.0,561.0,-0.8366989770000001,562.0,-0.6228874160000001,,,,,,,,
299,ros_tale__17_104_250pq,-1.2536985832499998,0.2754505461753948,4.0,563.0,-1.587693161,564.0,-1.235602634,565.0,-1.277192369,566.0,-0.9143061690000001,,,,
300,ros_tale__17_104_750pq,-1.074020349,0.5477826974732583,2.0,567.0,-1.461361209,568.0,-0.6866794890000001,,,,,,,,
301,ros_tale__18_24_250pq,-0.7683451065,0.02067154337775154,2.0,569.0,-0.782962095,570.0,-0.7537281180000001,,,,,,,,
302,ros_tale__18_36_0pq,-1.1715326617500001,0.6971117848962093,4.0,571.0,-0.330997692,572.0,-0.868673107,573.0,-1.797984181,574.0,-1.688475667,,,,
303,ros_tale__18_36_250pq,-1.5073835925,0.019580883493673266,2.0,575.0,-1.5212293680000002,576.0,-1.493537817,,,,,,,,
304,ros_tale__18_36_750pq,-1.709393002,0.18904427245866592,2.0,577.0,-1.5757185150000002,578.0,-1.843067489,,,,,,,,
305,ros_tale__19_91_0pq,-0.132517516,0.013855359983339366,2.0,579.0,-0.122720297,580.0,-0.142314735,,,,,,,,
306,ros_tale__19_91_250pq,-0.027563203500000005,0.11195236222620183,2.0,581.0,0.051599071,582.0,-0.10672547800000001,,,,,,,,
307,ros_tale__19_91_750pq,-0.14476855050000004,0.6085719032430489,4.0,583.0,-0.155368745,584.0,-0.903616033,585.0,-0.10579936100000001,586.0,0.5857099370000001,,,,
308,ros_tale__21_97_0pq,-0.800659029,0.3266727277206807,2.0,587.0,-0.5696665280000001,588.0,-1.03165153,,,,,,,,
309,ros_tale__21_97_250pq,-0.781830713,0.5034672689782612,2.0,589.0,-0.425825593,590.0,-1.137835833,,,,,,,,
310,ros_tale__21_97_750pq,-1.2643265325000002,0.009038067050178743,2.0,591.0,-1.257935654,592.0,-1.2707174110000001,,,,,,,,
311,ros_tale__25_111_0pq,0.42807378250000006,0.6076036999377228,2.0,593.0,0.8577144790000001,594.0,-0.0015669140000000002,,,,,,,,
312,ros_tale__25_111_250pq,-0.15731852500000001,0.17309537859984048,2.0,595.0,-0.034921609,596.0,-0.279715441,,,,,,,,
313,ros_tale__25_111_750pq,-0.737871977,0.3344497808423778,2.0,597.0,-0.501380269,598.0,-0.974363685,,,,,,,,
314,ros_tale__29_119_0pq,-0.443073335,0.44356770341487306,2.0,599.0,-0.129423604,600.0,-0.756723066,,,,,,,,
315,ros_tale__29_119_250pq,-1.05734452,1.0494704770823347,2.0,601.0,-0.315256829,602.0,-1.799432211,,,,,,,,
316,ros_tale__29_119_750pq,-0.5572593915,0.03713841416699965,2.0,603.0,-0.530998567,604.0,-0.583520216,,,,,,,,
317,ros_tale__ALE4_0pq,-1.747992518,0.0934780301344074,2.0,605.0,-1.814091467,606.0,-1.681893569,,,,,,,,
318,ros_tale__ALE4_250pq,-2.3866245040000003,0.4422157477761561,2.0,607.0,-2.07393075,608.0,-2.699318258,,,,,,,,
319,pcoli__atASMT_325G,0.097339797,0.2888551961802142,2.0,609.0,-0.106911671,610.0,0.301591265,,,,,,,,
320,pcoli__bpTDC,-0.33210978550000003,0.24744863174185724,2.0,611.0,-0.15713718000000002,612.0,-0.5070823910000001,,,,,,,,
321,pcoli__BRCA,0.046630737500000005,0.19271306982990147,2.0,613.0,-0.089637981,614.0,0.18289945600000002,,,,,,,,
322,pcoli__BRCActrl,-0.9493589075000001,0.051725708864826594,2.0,615.0,-0.9859345070000001,616.0,-0.9127833080000001,,,,,,,,
323,pcoli__BRCAswap,-0.124150586,0.2893741630601305,2.0,617.0,-0.328769019,618.0,0.08046784700000001,,,,,,,,
324,pcoli__btAANAT,-0.539809113,0.23103964542082386,2.0,619.0,-0.376439413,620.0,-0.7031788130000001,,,,,,,,
325,pcoli__btASMT,-0.591306544,0.04303247375020208,2.0,621.0,-0.621735098,622.0,-0.56087799,,,,,,,,
326,pcoli__CC1,-0.18123138400000002,0.2937184842881709,2.0,623.0,0.026458948000000003,624.0,-0.38892171600000003,,,,,,,,
327,pcoli__ccCOMT,-0.216611522,0.01062435434064667,2.0,625.0,-0.224124075,626.0,-0.20909896900000002,,,,,,,,
328,pcoli__ckDDC,-0.158320733,0.16170525589944001,2.0,627.0,-0.04397785,628.0,-0.272663616,,,,,,,,
329,pcoli__CNTF_belt,-0.5349207850000001,0.5574389208070841,2.0,629.0,-0.14075194400000002,630.0,-0.9290896260000001,,,,,,,,
330,pcoli__cobPNMT,-0.103575826,0.33175552157250754,2.0,631.0,0.131010753,632.0,-0.338162405,,,,,,,,
331,pcoli__cvPhhB,0.1311380605,0.407765678637909,2.0,633.0,0.419471937,634.0,-0.15719581600000002,,,,,,,,
332,pcoli__ggAANAT,0.11386301750000001,0.1098461881098952,2.0,635.0,0.036190033,636.0,0.191536002,,,,,,,,
333,pcoli__ggTPH,0.032870422499999996,0.28073919213006215,2.0,637.0,-0.165642164,638.0,0.231383009,,,,,,,,
334,pcoli__hsAANAT,-0.9749844700000001,0.5053748323560817,2.0,639.0,-0.617630499,640.0,-1.332338441,,,,,,,,
335,pcoli__hsASMT,-0.22154585450000003,0.08602051220316767,2.0,641.0,-0.28237154200000003,642.0,-0.160720167,,,,,,,,
336,pcoli__hsPNMT_mb,0.29420018200000003,0.05675894938053459,2.0,643.0,0.33433482000000003,644.0,0.25406554400000003,,,,,,,,
337,pcoli__hsTPH,-0.2633344655,0.11432217969166028,2.0,645.0,-0.344172454,646.0,-0.18249647700000002,,,,,,,,
338,pcoli__hsTPH_E2K,-0.6419334350000001,0.12458082759746548,2.0,647.0,-0.553841487,648.0,-0.7300253830000001,,,,,,,,
339,pcoli__hsTPH_E2K_N91I_P99C,0.168540239,0.052401576375527115,2.0,649.0,0.131486729,650.0,0.20559374900000002,,,,,,,,
340,pcoli__hsTPH_N158trunc,-0.0336434565,0.48549120957932496,2.0,651.0,0.30965067,652.0,-0.376937583,,,,,,,,
341,pcoli__hsTPH_N174trunc,-0.27724657150000004,0.07822139734989757,2.0,653.0,-0.33255745200000003,654.0,-0.22193569100000002,,,,,,,,
342,pcoli__hsTPH_Ntermtrunc,-0.5555549035,0.46485531074730624,2.0,655.0,-0.8842572460000001,656.0,-0.226852561,,,,,,,,
343,pcoli__hsTPH1,-0.6145490305,0.339828240788156,2.0,657.0,-0.854843884,658.0,-0.374254177,,,,,,,,
344,pcoli__MBP,-0.198155009,0.021937832322820778,2.0,659.0,-0.213667399,660.0,-0.182642619,,,,,,,,
345,pcoli__msCOMT,0.18887674450000003,0.15560845607414936,2.0,661.0,0.07884495,662.0,0.29890853900000003,,,,,,,,
346,pcoli__ocAANAT,0.007491173000000001,0.02390854033620125,2.0,663.0,-0.009414718,664.0,0.024397064000000003,,,,,,,,
347,pcoli__osTDC_K374H,-0.8151906795000001,0.010499775560830465,2.0,665.0,-0.8226151420000001,666.0,-0.8077662170000001,,,,,,,,
348,pcoli__osTDC_K374L,-0.3153490665,0.824813275756343,2.0,667.0,0.267881994,668.0,-0.898580127,,,,,,,,
349,pcoli__osTDC_K374Q,-0.6063344515000001,0.2316347075969975,2.0,669.0,-0.44254397900000003,670.0,-0.7701249240000001,,,,,,,,
350,pcoli__osTDC_L360V,-0.1212831445,0.09081253384707556,2.0,671.0,-0.057068986,672.0,-0.185497303,,,,,,,,
351,pcoli__pmTPH,-0.3755280295,0.13611671541106005,2.0,673.0,-0.471777082,674.0,-0.27927897700000004,,,,,,,,
352,pcoli__RFC,0.223871661,0.12109739473338407,2.0,675.0,0.30950045,676.0,0.13824287200000002,,,,,,,,
353,pcoli__RFCctrl,-0.5814399590000001,0.0953788420566813,2.0,677.0,-0.6488829850000001,678.0,-0.513996933,,,,,,,,
354,pcoli__RFCnopause,-0.8245954365000001,0.20596642738400991,2.0,679.0,-0.678955179,680.0,-0.9702356940000001,,,,,,,,
355,pcoli__RFCpluspause,-0.45022621300000004,0.15014796608489925,2.0,681.0,-0.556396858,682.0,-0.34405556800000003,,,,,,,,
356,pcoli__rnCOMT_sol,-0.4218602415,0.1333367873262219,2.0,683.0,-0.516143588,684.0,-0.32757689500000003,,,,,,,,
357,pcoli__rnPNMT,-0.4857487975,0.03938670826104338,2.0,685.0,-0.513599406,686.0,-0.457898189,,,,,,,,
358,pcoli__rnTDC,-0.549719815,0.02714530041387922,2.0,687.0,-0.568914441,688.0,-0.530525189,,,,,,,,
359,pcoli__rnTDC_trunc,-0.4440303235,0.11306626612439145,2.0,689.0,-0.523980247,690.0,-0.36408039999999997,,,,,,,,
360,pcoli__saCOMT_T2A,0.444221871,0.044013447230382856,2.0,691.0,0.41309966400000003,692.0,0.475344078,,,,,,,,
361,pcoli__sfCOMT,-0.033198336999999994,0.22382827630986246,2.0,693.0,0.12507215500000002,694.0,-0.191468829,,,,,,,,
362,pcoli__sgAANAT_D63G,0.00165435949999998,0.7787492528016449,2.0,695.0,0.552313237,696.0,-0.549004518,,,,,,,,
363,pcoli__ssDDC,-0.020915555,0.07490423286723763,2.0,697.0,-0.073880846,698.0,0.032049736,,,,,,,,
364,pcoli__TP53B,0.054251825000000004,0.03409791228354677,2.0,699.0,0.03014096,700.0,0.07836269,,,,,,,,
365,pcoli__WT,-0.22037309100000002,0.32684673962846295,2.0,701.0,-0.451488637,702.0,0.010742455000000001,,,,,,,,
366,cck__glu_ale4,-1.021110464,0.32928369829700865,2.0,703.0,-0.788271728,704.0,-1.2539492,,,,,,,,
367,cck__cck_ale1,-1.4738829295,0.05069989632943731,2.0,705.0,-1.50973317,706.0,-1.438032689,,,,,,,,
368,cck__cck_ale2,-1.6714231750000001,0.15815533661315084,2.0,707.0,-1.559590464,708.0,-1.783255886,,,,,,,,
369,cck_pgi__gmos_delpgi,-1.7235271475,0.21425031626168506,2.0,709.0,-1.875024999,710.0,-1.5720292960000002,,,,,,,,
370,cck_pgi__pgi_ale1,-0.743678138,0.13277759950548493,2.0,711.0,-0.837566079,712.0,-0.6497901970000001,,,,,,,,
371,cck_pgi__pgi_ale2,-1.371631587,,1.0,713.0,-1.371631587,,,,,,,,,,
372,cck_pgi__pgi_ale3,-1.119088578,0.04697459405531716,2.0,714.0,-1.152304632,715.0,-1.085872524,,,,,,,,
373,cck_pgi__pgi_ale4,-1.3876794613333334,0.5172762870093291,3.0,716.0,-0.792039758,717.0,-1.7240319610000001,718.0,-1.6469666649999999,,,,,,
374,cck_pgi__pgi_ale5,-0.678546803,0.19041606951366283,2.0,719.0,-0.813191297,720.0,-0.543902309,,,,,,,,
375,cck_pgi__pgi_ale6,-1.5113210860000001,0.3331609457975903,2.0,721.0,-1.275740722,722.0,-1.74690145,,,,,,,,
376,cck_pgi__pgi_ale7,-1.2482343875000002,0.2377504911180426,2.0,723.0,-1.080119403,724.0,-1.416349372,,,,,,,,
377,cck_pgi__pgi_ale8,-1.5587507475,0.17635949734598952,2.0,725.0,-1.6834557440000002,726.0,-1.434045751,,,,,,,,
378,cck_sdh__gmos_delsdhCB,-1.5781651440000002,0.16865956058274173,2.0,727.0,-1.697425463,728.0,-1.458904825,,,,,,,,
379,cck_sdh__sdh_ale1,-1.3619837365,0.19790292530525416,2.0,729.0,-1.222045236,730.0,-1.501922237,,,,,,,,
380,cck_sdh__sdh_ale2,-1.3404867870000001,,1.0,731.0,-1.3404867870000001,,,,,,,,,,
381,cck_sdh__sdh_ale3,-1.401239025,0.3241676720115427,3.0,732.0,-1.370163377,733.0,-1.739825464,734.0,-1.093728234,,,,,,
382,cck_pts__gmos_delptsHIcrr,-1.2146035400000001,0.5665276782210856,2.0,735.0,-0.814007977,736.0,-1.6151991030000001,,,,,,,,
383,cck_pts__pts_ale1,-1.692169866,0.20090555737793384,2.0,737.0,-1.834231548,738.0,-1.550108184,,,,,,,,
384,cck_pts__pts_ale2,-1.1642162980000001,0.4033153967516011,2.0,739.0,-0.8790292460000001,740.0,-1.44940335,,,,,,,,
385,cck_pts__pts_ale3,-1.5696186835000001,0.4467172991467409,2.0,741.0,-1.253741852,742.0,-1.8854955150000001,,,,,,,,
386,cck_pts__pts_ale4,-0.9678048880000001,0.16046064896960233,2.0,743.0,-0.854342075,744.0,-1.081267701,,,,,,,,
387,cck_gnd__gmos_delgnd,-1.4455467945,0.12900654883683568,2.0,745.0,-1.5367682,746.0,-1.354325389,,,,,,,,
388,cck_gnd__gnd_ale1,-1.721895517,0.6732426242627255,2.0,747.0,-1.245841092,748.0,-2.197949942,,,,,,,,
389,cck_gnd__gnd_ale2,-1.7731801525,0.3509461881889829,2.0,749.0,-2.021336582,750.0,-1.5250237229999999,,,,,,,,
390,cck_gnd__gnd_ale3,-1.7744243575,0.3990573333584772,2.0,751.0,-1.4922482110000002,752.0,-2.056600504,,,,,,,,
391,cck_tpiA__gmos_deltpiA,0.019831543000000007,0.9937580414953154,2.0,753.0,-0.682861507,754.0,0.722524593,,,,,,,,
392,cck_tpiA__tpiA_ale1,-1.6207286255,0.3668624292708666,2.0,755.0,-1.880139537,756.0,-1.3613177140000001,,,,,,,,
393,cck_tpiA__tpiA_ale2,-1.392488544,0.5279854456685033,2.0,757.0,-1.019146455,758.0,-1.7658306330000002,,,,,,,,
394,cck_tpiA__tpiA_ale3,-0.9231530845,0.182075923927583,2.0,759.0,-0.7944059640000001,760.0,-1.051900205,,,,,,,,
395,cck_tpiA__tpiA_ale4,-1.3942074240000002,0.035232706944479726,2.0,761.0,-1.41912071,762.0,-1.369294138,,,,,,,,
396,acid_tale__acid_ale1_pH7,-1.1498861905000002,0.17751737762911451,2.0,763.0,-1.275409932,764.0,-1.024362449,,,,,,,,
397,acid_tale__acid_ale1_pH5,-2.1610399255,0.3975681240508914,2.0,765.0,-1.879916809,766.0,-2.442163042,,,,,,,,
398,acid_tale__acid_ale2_pH7,-1.415973656,0.009278191320681403,2.0,767.0,-1.422534328,768.0,-1.409412984,,,,,,,,
399,acid_tale__acid_ale2_pH5,-1.704890083,0.2504431349149803,2.0,769.0,-1.5278000440000001,770.0,-1.881980122,,,,,,,,
400,acid_tale__low_Mg_ale_pH7,-1.0753996345,0.17676512773680347,2.0,771.0,-0.9504078140000001,772.0,-1.200391455,,,,,,,,
401,acid_tale__low_Mg_ale_pH5,-1.43635857,0.23045958875765385,2.0,773.0,-1.273399032,774.0,-1.599318108,,,,,,,,
402,acid_tale__MES_ale_pH7,-1.157587398,0.06257111822030101,2.0,775.0,-1.113342936,776.0,-1.20183186,,,,,,,,
403,acid_tale__MES_ale_pH5,-1.8572272520000002,0.13410753018218124,2.0,777.0,-1.9520555960000001,778.0,-1.7623989080000002,,,,,,,,
404,acid_tale__gmos_pH7,-1.1757043555,0.025046987203659003,2.0,779.0,-1.19341525,780.0,-1.157993461,,,,,,,,
405,acid_tale__gmos_pH5,-1.2918015029999999,0.3928864867252743,2.0,781.0,-1.013988804,782.0,-1.569614202,,,,,,,,
406,adnB__wt_adn,1.7429622485,0.6229780115540781,2.0,783.0,2.183474225,784.0,1.302450272,,,,,,,,
407,adnB__delydhB_adn,2.126290954,0.10354207306164188,2.0,785.0,2.053075652,786.0,2.199506256,,,,,,,,
408,ytf2__wt_glc,2.216330268,0.30260523119428234,2.0,787.0,2.430304479,788.0,2.002356057,,,,,,,,
409,ytf2__ybcM_glc,1.2099869404999999,0.19231303689636733,2.0,789.0,1.074001088,790.0,1.345972793,,,,,,,,
410,ytf2__ydhB_glc,1.3327098825,0.08700278675982585,2.0,791.0,1.271189622,792.0,1.3942301430000001,,,,,,,,
411,ytf2__yfeC_glc,1.3923544749999999,0.1375825046349462,2.0,793.0,1.295068953,794.0,1.489639997,,,,,,,,
412,ytf2__yciT_glc,1.995676226,0.06262598829230742,2.0,795.0,1.9513929650000001,796.0,2.039959487,,,,,,,,
413,ytf2__ydiZ_glc,2.2013581065,0.09216244594719462,2.0,797.0,2.266526797,798.0,2.136189416,,,,,,,,
414,ytf2__ynfL_glc,2.16929346,0.05017266973521024,2.0,799.0,2.133816025,800.0,2.2047708950000002,,,,,,,,
415,misc2__dellon_glc,1.2425886535000001,0.5539545835534296,2.0,801.0,0.8508836110000001,802.0,1.634293696,,,,,,,,
416,ytf3__wt_glc2,1.5897252785,0.0033133446918279194,2.0,803.0,1.5873823900000001,804.0,1.592068167,,,,,,,,
417,ytf3__wt_pH7_lactate,1.6607124015,0.030048429834523938,2.0,805.0,1.639464953,806.0,1.6819598500000001,,,,,,,,
418,ytf3__wt_pH55_lactate,1.644897089,0.22580670310086645,2.0,807.0,1.8045665400000002,808.0,1.485227638,,,,,,,,
419,ytf3__wt_pH55_HCl,1.332903702,0.04277516466359609,2.0,809.0,1.302657093,810.0,1.363150311,,,,,,,,
420,ytf3__dyieP_pH7,1.944290761,0.02272638790570501,2.0,811.0,1.928220778,812.0,1.960360744,,,,,,,,
421,ytf3__dyieP_pH55,1.8993529215000002,0.08337751110386554,2.0,813.0,1.8403961180000001,814.0,1.9583097250000001,,,,,,,,
