,condition,X_avg,X_std,n,rep1_idx,rep1_X,rep2_idx,rep2_X,rep3_idx,rep3_X,rep4_idx,rep4_X
0,2AA__WT,0.0,0.13114577126579569,4.0,0.0,0.014436060700000001,1.0,-0.0471786967,2.0,-0.1395571441,3.0,0.1722997801
1,2AA__del_ridA,0.45608791427499995,0.11740308661783402,4.0,4.0,0.3221304463,5.0,0.5198600136,6.0,0.3993220732,7.0,0.583039124
2,GC_MS__WT,0.0,0.08747814551537504,3.0,8.0,0.043981347000000004,9.0,0.056759925100000004,10.0,-0.1007412721,,
3,GC_MS__del_slyA,1.7960363573500002,0.21311675175441944,2.0,11.0,1.645340057,12.0,1.9467326577000001,,,,
4,Rho__WT,3.3333326839487164e-11,0.5711737713583217,3.0,13.0,0.4071142371,14.0,-0.6529266497,15.0,0.2458124127,,
5,Rho__rho_Y80C,-0.33305182260000005,0.3873231431133159,3.0,16.0,-0.76042857,17.0,-0.0052098067,18.0,-0.23351709110000002,,
6,Rho__rho_K130Q,-0.27816972143333335,0.11788678060228741,3.0,19.0,-0.3589884624,20.0,-0.1428997091,21.0,-0.3326209928,,
7,flagella__WT,0.0,0.3358523265771759,2.0,22.0,0.2374834576,23.0,-0.2374834576,,,,
8,flagella__del_rfaL,0.3462495895,0.15111377622584288,2.0,24.0,0.2393960136,25.0,0.4531031654,,,,
9,flagella__del_rfaG,0.47305596735,0.07349047079254431,2.0,26.0,0.5250215776,27.0,0.42109035710000003,,,,
10,flagella__del_rfaD,0.8052057616,0.20396394029482656,2.0,28.0,0.9494300469,29.0,0.6609814763,,,,
11,nusG__WT_OD08,0.0,0.025907672345129144,2.0,30.0,0.0183194908,31.0,-0.0183194908,,,,
12,omv__spi2_ind_lowOD_intracellularRNAs,0.4588953034666667,0.12485131637224879,3.0,32.0,0.3161198971,33.0,0.547581524,45.0,0.5129844893000001,,
13,omv__spi2_ind_highOD_intracellularRNAs,-1.3848563957,0.6638089140913255,3.0,34.0,-1.9681492404,36.0,-0.6625484271000001,37.0,-1.5238715196000001,,
14,omv__spi1_ind_highOD_intracellularRNAs,-0.45094057113333336,0.1957153531257438,3.0,35.0,-0.4135316908,41.0,-0.6626603765,42.0,-0.2766296461,,
15,omv__controlPCN_highOD_intracellularRNAs,-2.566779283866667,1.0615377652818612,3.0,38.0,-1.6954313987,39.0,-3.7490636164,40.0,-2.2558428365,,
16,omv__controlPCN_lowOD_intracellularRNAs,0.0,0.17952754955636374,3.0,43.0,0.11651322650000001,44.0,-0.2067444649,46.0,0.0902312384,,
17,sv5015__STM1625,-0.4855876346333334,0.14302190321242075,3.0,47.0,-0.35891146820000003,48.0,-0.4571644709,49.0,-0.6406869648,,
18,sv5015__STM0581,-1.3096587320666666,0.12168697761966861,3.0,50.0,-1.4101511255,51.0,-1.3444635769,52.0,-1.1743614938,,
19,sv5015__WT,3.33333360913457e-11,0.206715321219654,3.0,53.0,-0.2332477044,54.0,0.0727165031,55.0,0.16053120140000002,,
20,tomato__tomato_root,1.8348524814333331,0.11659580574344962,3.0,56.0,1.9693415232,57.0,1.7730028795,58.0,1.7622130416,,
21,tomato__LB,0.0,0.6090047823857478,2.0,59.0,-0.4306314114,60.0,0.4306314114,,,,
22,AcrB_efflux_virulence__AcrB_D408A,-0.03674432616666667,0.18509961609438544,3.0,61.0,0.17245060680000002,62.0,-0.103394752,63.0,-0.1792888333,,
23,AcrB_efflux_virulence__WT,-1.1564823173178713e-18,0.04607887885331483,3.0,64.0,-0.0225694965,65.0,0.0530127538,66.0,-0.030443257300000002,,
24,Chlortetracycline_florfenicol_MDR__5317_Chlortetracycline_0,0.18446667860000002,0.40762059730968,3.0,67.0,-0.026471898100000002,74.0,0.6543303124000001,75.0,-0.0744583785,,
25,Chlortetracycline_florfenicol_MDR__1434_Chlortetracycline_16,1.4527072631666667,0.08780679162743132,3.0,68.0,1.4983151897,69.0,1.5083250471,71.0,1.3514815527000001,,
26,Chlortetracycline_florfenicol_MDR__1434_Chlortetracycline_0,0.8025297055666667,0.8809588907662697,3.0,70.0,1.8114924424,106.0,0.1858689541,107.0,0.41022772020000003,,
27,Chlortetracycline_florfenicol_MDR__5317_Chlortetracycline_32,1.3576734708333333,0.1012432554049333,3.0,72.0,1.4391022387,79.0,1.3896035195,110.0,1.2443146543,,
28,Chlortetracycline_florfenicol_MDR__530_Florfenicol_0,0.26673508020000003,0.6814285492662749,3.0,73.0,-0.21341236360000002,76.0,-0.0330418179,109.0,1.0466594221,,
29,Chlortetracycline_florfenicol_MDR__5317_Chlortetracycline_16,1.4029275099333336,0.057276988331387196,3.0,77.0,1.355189553,78.0,1.3871547302,86.0,1.4664382466,,
30,Chlortetracycline_florfenicol_MDR__530_Chlortetracycline_32,1.34811864095,0.6678757053602762,2.0,80.0,0.8758592007,95.0,1.8203780811999999,,,,
31,Chlortetracycline_florfenicol_MDR__530_Chlortetracycline_16,0.8762533319000001,0.08951232272697118,2.0,81.0,0.8129585615,82.0,0.9395481023000001,,,,
32,Chlortetracycline_florfenicol_MDR__530_Chlortetracycline_0,0.21470207546666667,0.25525645212982007,3.0,83.0,0.5055683334000001,84.0,0.027995815400000002,85.0,0.11054207760000001,,
33,Chlortetracycline_florfenicol_MDR__1306_Chlortetracycline_0,0.5701120445000001,0.6047613039210791,3.0,87.0,0.0492687751,100.0,0.42769630350000004,101.0,1.2333710549,,
34,Chlortetracycline_florfenicol_MDR__5317_Florfenicol_0,0.0,0.3529278393092989,3.0,88.0,0.4073374751,89.0,-0.2144016679,90.0,-0.1929358072,,
35,Chlortetracycline_florfenicol_MDR__1434_Florfenicol_16,1.5887807111333334,0.10793603697525728,3.0,91.0,1.4785683052,92.0,1.5934874372999999,93.0,1.6942863908999999,,
36,Chlortetracycline_florfenicol_MDR__1434_Florfenicol_0,0.12228629436666667,0.40329408291046415,3.0,94.0,0.2902577267,119.0,0.41444591680000004,120.0,-0.3378447604,,
37,Chlortetracycline_florfenicol_MDR__5317_Florfenicol_16,1.4344976544499999,0.03532979730173079,2.0,96.0,1.4095157152,97.0,1.4594795937,,,,
38,Chlortetracycline_florfenicol_MDR__1306_Chlortetracycline_16,1.1429391511,0.1112687433713792,3.0,98.0,1.1964152658,99.0,1.2173740255,105.0,1.015028162,,
39,Chlortetracycline_florfenicol_MDR__1306_Chlortetracycline_32,1.4135171074333333,0.2865513387522645,3.0,102.0,1.4962855504,103.0,1.6495742462,104.0,1.0946915257,,
40,Chlortetracycline_florfenicol_MDR__530_Florfenicol_16,1.1285602397666665,0.31743143501036136,3.0,108.0,1.3789830867,111.0,0.7715536174000001,112.0,1.2351440152,,
41,Chlortetracycline_florfenicol_MDR__1306_Florfenicol_0,-0.00365935146666667,0.19131856991275709,3.0,113.0,-0.2072518479,114.0,0.1724024119,115.0,0.0238713816,,
42,Chlortetracycline_florfenicol_MDR__1306_Florfenicol_16,1.6646790595333332,0.3293793413681317,3.0,116.0,1.2877221571,117.0,1.8969567208,118.0,1.8093583007,,
43,OPG__del_opgGH,0.40725229120000006,0.19979149751360206,3.0,121.0,0.6355192619000001,122.0,0.32205468400000004,123.0,0.2641829277,,
44,OPG__del_opgGH_pBK16,0.035914053333333334,0.05747912561302767,3.0,124.0,-0.0191157515,125.0,0.0312942344,126.0,0.09556367710000001,,
45,OPG__WT,0.0,0.08009352488383535,3.0,127.0,-0.025255598,128.0,-0.0644214632,129.0,0.0896770612,,
46,PinT__pinT+_1h,0.0,0.15357662815476616,2.0,130.0,-0.1085950752,131.0,0.1085950752,,,,
47,cold_shock_protein__WT_RNAseq,-3.33333360913457e-11,0.1058002686015218,3.0,132.0,0.0187689865,133.0,0.0951597112,134.0,-0.1139286978,,
48,cold_shock_protein__DeltaCspCE_RNAseq,-0.26665399083333335,0.10884658328138745,3.0,135.0,-0.36244469970000004,136.0,-0.1482910285,137.0,-0.2892262443,,
49,dephostatin__LB_DMSO,9.25185853854297e-18,0.27454117404479866,3.0,138.0,-0.1417443319,139.0,0.31644143220000004,140.0,-0.17469710030000002,,
50,dephostatin__LB_Dephostatin,0.5468360105666666,0.30624282358532845,3.0,141.0,0.4904787337,142.0,0.8773432120000001,143.0,0.272686086,,
51,dephostatin__LPM_DMSO,0.32113555465,0.16424990473872939,2.0,144.0,0.4372777761,145.0,0.20499333320000002,,,,
52,dephostatin__LPM_Dephostatin,0.4896735349333334,0.12249198144099946,3.0,146.0,0.3674184534,147.0,0.6124010497,148.0,0.48920110170000003,,
53,efflux_inhibition__Chlorpromazine,0.822483282925,1.446630673152548,4.0,149.0,2.8531926392,150.0,-0.5738670281,151.0,0.5467798595,157.0,0.4638276611
54,efflux_inhibition__PABN,0.4911044274333333,0.7157358067290631,3.0,152.0,-0.29927223000000003,153.0,0.6771126912000001,158.0,1.0954728211,,
55,efflux_inhibition__no_treatment,0.0,0.36614855778689775,3.0,154.0,-0.41581771160000003,155.0,0.1416782782,156.0,0.2741394334,,
56,fis_regulatory_network__GX_EE,0.02164274025,0.11910534263110284,2.0,159.0,-0.0625774552,160.0,0.10586293570000001,,,,
57,fis_regulatory_network__GX_TS,0.5006981602,0.07150431228386288,2.0,161.0,0.45013697610000003,162.0,0.5512593443,,,,
58,fis_regulatory_network__WT_EE,0.0,0.13880496384902619,2.0,163.0,-0.0981499312,164.0,0.0981499312,,,,
59,fis_regulatory_network__WT_TS,0.37212581315000004,0.0640244976494666,2.0,165.0,0.41739796960000003,166.0,0.3268536567,,,,
60,fis_regulatory_network__OX_EE,0.54663406325,0.06358552703249823,2.0,167.0,0.5915958206,168.0,0.5016723059,,,,
61,fis_regulatory_network__OX_TS,0.87893968295,0.41682184641960446,2.0,169.0,0.5842021288,170.0,1.1736772371,,,,
62,persisters__rep,0.0,0.14783611143508682,2.0,171.0,-0.1045359169,172.0,0.1045359169,,,,
63,proQ_pulse_expression__empty_vector,0.0,0.04740380009332274,2.0,173.0,0.0335195485,174.0,-0.0335195485,,,,
64,proQ_pulse_expression__long_STnc540_overexpression,-0.04252780065,0.02246824846360596,2.0,175.0,-0.0266403498,176.0,-0.0584152515,,,,
65,proQ_pulse_expression__short_STnc540_overexpression,-0.0738283499,0.16615981054918394,2.0,177.0,-0.1913210787,178.0,0.0436643789,,,,
66,proQ_virulence__dhfq_dproQ_LB,-0.19314616843333332,0.37055845790292996,3.0,179.0,-0.620998869,180.0,0.016294573,181.0,0.025265790700000002,,
67,proQ_virulence__dhfq_dproQ_SPI-2,1.9077550501999998,0.15916876570308008,3.0,182.0,1.7629289202,183.0,1.8821694415999999,184.0,2.0781667888,,
68,proQ_virulence__dhfq_LB,-0.1656098688,0.11792091552529303,3.0,185.0,-0.0933583541,186.0,-0.3016862704,187.0,-0.1017849819,,
69,proQ_virulence__dhfq_SPI-2,2.7214737711,0.08682540296202464,3.0,188.0,2.6212253172,189.0,2.7727539468,190.0,2.7704420493,,
70,proQ_virulence__dproQ_LB,0.09991381303333335,0.10152294574515022,3.0,191.0,0.12250883870000001,192.0,0.1882356112,193.0,-0.0110030108,,
71,proQ_virulence__dproQ_SPI-2,1.5646175649666667,0.2751452105495248,3.0,194.0,1.2511413363,195.0,1.7661259533,196.0,1.6765854053,,
72,proQ_virulence__WT_LB,0.0,0.21156539238132432,3.0,197.0,0.024381628000000002,198.0,0.1983182533,199.0,-0.2226998813,,
73,proQ_virulence__WT_SPI-2,2.3556421663,0.1530306746784997,3.0,200.0,2.2340566085,201.0,2.5274804381,202.0,2.3053894523,,
74,rcsB__del_rcsB_S207C,0.0434109456,0.013003360234462602,2.0,203.0,0.034216181400000004,211.0,0.052605709800000004,,,,
75,rcsB__del_rcsB_WT,0.0,0.11237912592614656,3.0,204.0,0.1276888189,212.0,-0.0838629531,218.0,-0.0438258658,,
76,rcsB__del_rcsB,-0.15691687935,0.2051515196991577,2.0,205.0,-0.0118528486,213.0,-0.3019809101,,,,
77,rcsB__del_rcsB_H12A,-0.1827974815,0.32361981872380163,3.0,206.0,-0.1215305279,214.0,-0.5326715531,219.0,0.1058096365,,
78,rcsB__del_rcsB_D56A,-0.3427287703,0.12424748426648384,3.0,207.0,-0.35426023090000003,215.0,-0.4608085341,220.0,-0.2131175459,,
79,rcsB__del_rcsB_M88A,-0.1290659797,0.15093217720371993,2.0,208.0,-0.2357911457,221.0,-0.0223408137,,,,
80,rcsB__del_rcsB_H77A,0.016726188133333333,0.10479182128156318,3.0,209.0,-0.0252874579,216.0,-0.0605393958,222.0,0.1360054181,,
81,rcsB__del_rcsB_L108A,0.059830818833333334,0.09639137275318153,3.0,210.0,0.0430895876,217.0,-0.0270933457,223.0,0.1634962146,,
82,ribodepletion__RiboZero,0.0,0.06437385485628827,2.0,224.0,-0.0455191893,225.0,0.0455191893,,,,
83,single_carbon_source__mucic,0.0,0.2000946418058362,2.0,226.0,-0.1414882781,227.0,0.1414882781,,,,
84,single_carbon_source__tartarate,-0.5734632233000001,0.021365623837815057,2.0,228.0,-0.5583554458000001,229.0,-0.5885710008,,,,
85,ssrA_ssrB_TCS__ssrB_minus,-3.333333146541643e-11,0.06509173378776008,3.0,230.0,-0.0729937822,231.0,0.020977076900000002,232.0,0.0520167052,,
86,ssrA_ssrB_TCS__ssrB_plus,-1.3461878056999999,0.27180413193984615,3.0,233.0,-1.1872045147999999,234.0,-1.1913277474,235.0,-1.6600311549,,
87,yedF__WT,0.0,0.16804907570056363,2.0,236.0,-0.11882864100000001,237.0,0.11882864100000001,,,,
88,yedF__del_yedF,2.5232532810333335,0.08644129271459207,3.0,238.0,2.5088709769,239.0,2.6159836585000003,240.0,2.4449052077,,
89,14028S_paratyphiA__37C_stationary,2.7709716009,0.6727047866827183,2.0,241.0,2.2952974845,245.0,3.2466457173,,,,
90,14028S_paratyphiA__42C_log,-0.19988341,0.03038652700225127,2.0,242.0,-0.1783968907,244.0,-0.22136992930000002,,,,
91,14028S_paratyphiA__37C_log,0.0,0.06680107581592888,2.0,243.0,0.0472354937,246.0,-0.0472354937,,,,
92,7TF__hilC,-0.8235694068499999,0.2731581366337413,2.0,247.0,-1.0167213776,260.0,-0.6304174361,,,,
93,7TF__del_hilD,0.22139428465,0.2118464743028402,2.0,248.0,0.3711923632,262.0,0.0715962061,,,,
94,7TF__WT,0.0,0.05791655396233655,4.0,249.0,-0.022970264100000002,251.0,0.0852797596,261.0,-0.0184765258,268.0,-0.0438329697
95,7TF__hilD,-0.7187756544500001,0.10659688388720828,2.0,250.0,-0.6434002750000001,257.0,-0.7941510339000001,,,,
96,7TF__del_sprB,0.3069408075,0.013342566569886959,2.0,252.0,0.2975061882,267.0,0.3163754268,,,,
97,7TF__del_rtsB,1.69503851805,0.9971321838645858,2.0,253.0,2.400117447,259.0,0.9899595891,,,,
98,7TF__rtsA,-0.24630590254999998,0.4273114932414799,2.0,254.0,-0.5484607571,263.0,0.055848952,,,,
99,7TF__del_invF,0.21292733225000002,0.07610471753601082,2.0,255.0,0.1591131704,258.0,0.26674149410000003,,,,
100,7TF__sprB,-0.2770276004,0.09150415399980465,2.0,256.0,-0.2123243926,266.0,-0.3417308082,,,,
101,7TF__invF,-0.4990323397,0.45480356836679453,2.0,264.0,-0.1774376524,265.0,-0.820627027,,,,
102,MMC__del_rtcB_No treatment,-0.07963256760000001,0.07045009972980672,3.0,269.0,-0.16090921400000002,283.0,-0.0419601531,288.0,-0.036028335700000004,,
103,MMC__WT_No_treatment,-7.517135062566164e-18,0.19742805930464977,3.0,270.0,-0.20409883550000002,271.0,0.1900016071,274.0,0.0140972284,,
104,MMC__del_rtcR_No_treatment,-0.0110699847,0.14270106889751277,2.0,272.0,0.0898349088,281.0,-0.1119748782,,,,
105,MMC__del_rtcR_3mM_MMC,-0.6298881171,0.3573781853242486,3.0,273.0,-0.8398290378000001,277.0,-0.8325908189000001,278.0,-0.2172444946,,
106,MMC__del_rtcB_3mM_MMC,-0.7172915154333334,0.17866378546103037,3.0,275.0,-0.7711501524000001,276.0,-0.8628301176000001,280.0,-0.5178942763000001,,
107,MMC__del_rsr_No_treatment,0.1491605766,0.19747735830875038,3.0,279.0,0.3646840288,287.0,0.1058933325,289.0,-0.0230956315,,
108,MMC__del_rsr_3mM_MMC,-0.7325817315,0.08489757671290465,2.0,282.0,-0.7926133837,285.0,-0.6725500793,,,,
109,MMC__WT_3mM_MMC,-1.2971597486,0.16998133011581232,2.0,284.0,-1.4173546998,286.0,-1.1769647974,,,,
110,Nontyphoidal_comparisons__rep,3.333329908391155e-11,0.8225713331045298,3.0,290.0,-0.6340926733000001,291.0,0.9294746666,292.0,-0.2953819932,,
111,araC__delta_araC_LB,0.5265884525,0.3004781145550159,2.0,293.0,0.3141183401,296.0,0.7390585649,,,,
112,araC__WT_LB,0.0,0.5454554943636534,2.0,294.0,0.3856952789,295.0,-0.3856952789,,,,
113,csgD__WT_planktonic_TP1,0.0,,1.0,297.0,0.0,,,,,,
114,csgD__del_csgD_planktonic_TP2,0.206248751,,1.0,298.0,0.206248751,,,,,,
115,csgD__WT_aggregate_TP2,0.2603139168,,1.0,299.0,0.2603139168,,,,,,
116,csgD__del_csgD_planktonic_TP1,0.31790128440000004,,1.0,300.0,0.31790128440000004,,,,,,
117,csgD__WT_planktonic_TP3,-0.6793172227000001,,1.0,301.0,-0.6793172227000001,,,,,,
118,csgD__del_csgD_planktonic_TP3,-0.4463430748,,1.0,302.0,-0.4463430748,,,,,,
119,csgD__WT_planktonic_TP2,0.22265176150000002,,1.0,303.0,0.22265176150000002,,,,,,
120,csgD__WT_aggregate_TP3,-0.8728463409,,1.0,304.0,-0.8728463409,,,,,,
121,csgD__PcsgD_planktonic_lux_TP1,0.1358878169,,1.0,305.0,0.1358878169,,,,,,
122,csgD__PcsgD_planktonic_lux_TP4,-0.25031093260000004,,1.0,306.0,-0.25031093260000004,,,,,,
123,csgD__PcsgD_aggregate_lux_TP3,-0.6481404438,,1.0,307.0,-0.6481404438,,,,,,
124,csgD__PcsgD_planktonic_lux_TP2,0.3040895926,,1.0,308.0,0.3040895926,,,,,,
125,csgD__PcsgD_planktonic_lux_TP3,-0.48034655070000004,,1.0,309.0,-0.48034655070000004,,,,,,
126,csgD__del_csgD_planktonic_TP4,-0.21467055670000001,,1.0,310.0,-0.21467055670000001,,,,,,
127,csgD__WT_aggregate_TP4,-1.6927122979,,1.0,311.0,-1.6927122979,,,,,,
128,csgD__PcsgD_aggregate_lux_TP4,-1.3377272714,,1.0,312.0,-1.3377272714,,,,,,
129,csgD__PcsgD_aggregate_lux_TP2,0.399395661,,1.0,313.0,0.399395661,,,,,,
130,csrA__10min_LB_csrA,-1.91511375035,0.3026994144941343,2.0,314.0,-2.129154559,345.0,-1.7010729417000001,,,,
131,csrA__10min_LB_WT,-1.32932706365,0.10773246159819069,2.0,315.0,-1.2531487095,338.0,-1.4055054178,,,,
132,csrA__02.5min_LB_csrA,-0.48677101715000004,0.008870979061287105,2.0,316.0,-0.4930437466,344.0,-0.4804982877,,,,
133,csrA__05min_mLPM_WT,2.1881537841,0.3949170866830212,2.0,317.0,2.4674023341,332.0,1.9089052341000001,,,,
134,csrA__15min_mLPM_csrA,0.6870411631000001,0.006464427327835343,2.0,318.0,0.6916122035000001,336.0,0.6824701227000001,,,,
135,csrA__05min_LB_WT,-1.14547384275,0.24434113990545753,2.0,319.0,-1.3182491197,331.0,-0.9726985658,,,,
136,csrA__02.5min_LB_WT,-0.43064611080000004,0.23238503882576847,2.0,320.0,-0.266325074,333.0,-0.5949671476,,,,
137,csrA__00min_LB_WT,0.0,0.16128376878047915,2.0,321.0,0.1140448466,339.0,-0.1140448466,,,,
138,csrA__15min_LB_WT,-1.1363684889,0.09203586068117615,2.0,322.0,-1.2014476701,329.0,-1.0712893077,,,,
139,csrA__00min_mLPM_WT,3.8611752313,0.2422641528236256,2.0,323.0,3.689868606,327.0,4.0324818566,,,,
140,csrA__15min_LB_csrA,-1.5378636097,0.5393797936147638,2.0,324.0,-1.1564645,326.0,-1.9192627194,,,,
141,csrA__15min_mLPM_WT,1.5965356309,0.697900736536436,2.0,325.0,2.0900259743,330.0,1.1030452875,,,,
142,csrA__00min_LB_csrA,0.13711337070000001,0.06952453944439034,2.0,328.0,0.0879520974,335.0,0.18627464400000002,,,,
143,csrA__05min_mLPM_csrA,0.607169802,0.007718841828728085,2.0,334.0,0.6017117566,337.0,0.6126278474,,,,
144,csrA__05min_LB_csrA,-1.5620811460500001,0.18829987010812324,2.0,340.0,-1.6952292611000002,343.0,-1.4289330310000001,,,,
145,csrA__10min_mLPM_csrA,0.6662230333500001,0.14550599129787756,2.0,341.0,0.5633347602000001,342.0,0.7691113065,,,,
146,flagellum__ΔSTM14_1829 ,0.05241374963333334,0.07251375553917612,3.0,346.0,-0.030273284,347.0,0.1051759176,350.0,0.0823386153,,
147,flagellum__WT,0.0,0.12406665184601108,3.0,348.0,-0.1405105885,349.0,0.046066144,351.0,0.0944444445,,
148,fliA__del_rpoF,-0.27814164430000005,0.3034135381080428,2.0,352.0,-0.06359587400000001,354.0,-0.49268741460000004,,,,
149,fliA__WT,0.0,0.19101112037612797,2.0,353.0,0.1350652585,355.0,-0.1350652585,,,,
150,mgtC__empty_pUH21,0.0,0.1920104039621435,2.0,356.0,0.1357718587,358.0,-0.1357718587,,,,
151,mgtC__pUH_mgtC,0.27441996605,0.07457790443122293,2.0,357.0,0.2216854241,359.0,0.327154508,,,,
152,mgtCBR__empty_pBAD18,0.0,0.08347052138427843,2.0,360.0,-0.059022571700000005,362.0,0.059022571700000005,,,,
153,mgtCBR__mgtC_pBAD113,-0.6674595270500001,0.06849147970088985,2.0,361.0,-0.7158903168,363.0,-0.6190287373000001,,,,
154,novobiocin__100_Novobiocin_60min,0.33132049420000004,0.07258065471114541,3.0,364.0,0.4127096273,368.0,0.2733109573,380.0,0.307940898,,
155,novobiocin__500_Novobiocin_60min,1.4664105995333336,0.11557158160579455,3.0,365.0,1.590812229,374.0,1.3623771849000001,378.0,1.4460423847000001,,
156,novobiocin__0_Novobiocin_60min,0.34103660290000004,0.086558624467729,3.0,366.0,0.3746923454,372.0,0.24270496660000002,375.0,0.40571249670000004,,
157,novobiocin__0_Novobiocin_0min,0.0,0.22381274980480795,3.0,367.0,0.2572977674,379.0,-0.10765981170000001,383.0,-0.1496379557,,
158,novobiocin__0_Novobiocin_10min,-0.6474051106000002,0.07609301994090102,3.0,369.0,-0.5601247381000001,373.0,-0.6822845825,385.0,-0.6998060112000001,,
159,novobiocin__500_Novobiocin_20min,-0.18710833746666666,0.16946926804701617,3.0,370.0,-0.3244773742,381.0,-0.2391182416,384.0,0.0022706034,,
160,novobiocin__0_Novobiocin_20min,-0.2645091897,0.12412987666794466,3.0,371.0,-0.3764527757,377.0,-0.1310151325,386.0,-0.2860596609,,
161,novobiocin__500_Novobiocin_10min,-0.47332219420000005,0.7657756237203253,2.0,376.0,0.0681629422,382.0,-1.0148073306,,,,
162,starvation__Glucose_6h,0.0,0.7989560864513288,2.0,387.0,-0.5649472666,396.0,0.5649472666,,,,
163,starvation__Low_3d,0.15812164455,0.05559657493884025,2.0,388.0,0.1974343597,389.0,0.1188089294,,,,
164,starvation__Glucose_24h,0.2532745794,0.3515941600543228,2.0,390.0,0.5018891942,398.0,0.0046599646,,,,
165,starvation__High_4d,1.25125630495,0.19724776633587948,2.0,391.0,1.3907315381,393.0,1.1117810718,,,,
166,starvation__High_4h,3.2687825958000003,0.48688291720564525,2.0,392.0,2.9245043834,394.0,3.6130608082,,,,
167,starvation__Low_24h,-0.37342756130000004,1.5629040763059012,2.0,395.0,-1.478567632,397.0,0.7317125094,,,,
168,18_mutants__phoB/R_InSPI2,4.2079327518,,1.0,399.0,4.2079327518,,,,,,
169,18_mutants__hfq_ESP,0.4836847547,,1.0,400.0,0.4836847547,,,,,,
170,18_mutants__ompR/envZ_InSPI2,4.1192689329,,1.0,401.0,4.1192689329,,,,,,
171,18_mutants__dam_MEP,0.0241770078,,1.0,402.0,0.0241770078,,,,,,
172,18_mutants__WT_IEP,0.1072990519,,1.0,403.0,0.1072990519,,,,,,
173,18_mutants__ssrA/B_InSPI2,3.478019295,,1.0,404.0,3.478019295,,,,,,
174,18_mutants__WT_InSPI2,4.3308831172,,1.0,405.0,4.3308831172,,,,,,
175,18_mutants__hilC_IEP,0.7227587862,,1.0,406.0,0.7227587862,,,,,,
176,18_mutants__fliZ_ESP,0.8739709160000001,,1.0,407.0,0.8739709160000001,,,,,,
177,18_mutants__hilD_InSPI2,3.7818872272,,1.0,408.0,3.7818872272,,,,,,
178,18_mutants__phoP/Q_InSPI2,3.8301582086,,1.0,409.0,3.8301582086,,,,,,
179,18_mutants__ssrB_InSPI2,3.8173417298,,1.0,410.0,3.8173417298,,,,,,
180,18_mutants__fur_ESP,0.4025061224,,1.0,411.0,0.4025061224,,,,,,
181,18_mutants__WT_MEP,0.0,,1.0,412.0,0.0,,,,,,
182,18_mutants__hilD_IEP,0.215559097,,1.0,413.0,0.215559097,,,,,,
183,18_mutants__hilE_IEP,0.015380227900000001,,1.0,414.0,0.015380227900000001,,,,,,
184,18_mutants__slyA_InSPI2,3.9822668312,,1.0,415.0,3.9822668312,,,,,,
185,18_mutants__ssrA_InSPI2,3.7652044552,,1.0,416.0,3.7652044552,,,,,,
186,18_mutants__WT_lnSPI2,4.5700061849,,1.0,417.0,4.5700061849,,,,,,
187,18_mutants__hilA_IEP,0.2986948695,,1.0,418.0,0.2986948695,,,,,,
188,Infection_conditions__pH3_shock,-2.3780793822,,1.0,419.0,-2.3780793822,,,,,,
189,Infection_conditions__Peroxide_shock_InSPI2,0.0165849399,,1.0,420.0,0.0165849399,,,,,,
190,Infection_conditions__MEP,-2.2357817069666663,0.0680840067583897,3.0,421.0,-2.3130459026,423.0,-2.1845752292,427.0,-2.2097239891,,
191,Infection_conditions__Oxygen_shock,-1.3780751796000001,,1.0,422.0,-1.3780751796000001,,,,,,
192,Infection_conditions__Anaerobic_shock,-1.3346427471,,1.0,424.0,-1.3346427471,,,,,,
193,Infection_conditions__Bile_shock,-1.6735754457,,1.0,425.0,-1.6735754457,,,,,,
194,Infection_conditions__LowFe2+_shock,-1.5571782842,,1.0,426.0,-1.5571782842,,,,,,
195,Infection_conditions__pH5.8_shock,-2.0972818469,,1.0,428.0,-2.0972818469,,,,,,
196,Infection_conditions__ESP,-1.6450860516,0.27826493057788937,3.0,429.0,-1.3412536625,435.0,-1.8875327995000002,437.0,-1.7064716928,,
197,Infection_conditions__inSPI2_dRNA_seq,-0.271932594,,1.0,430.0,-0.271932594,,,,,,
198,Infection_conditions__LEP,-1.8320728273,,1.0,431.0,-1.8320728273,,,,,,
199,Infection_conditions__Temp20,-1.3529154284,,1.0,432.0,-1.3529154284,,,,,,
200,Infection_conditions__25C,-3.0164399463,,1.0,433.0,-3.0164399463,,,,,,
201,Infection_conditions__Nitric_oxide_shock_InSPI2,-0.6520969001,,1.0,434.0,-0.6520969001,,,,,,
202,Infection_conditions__EEP,-2.1895651605,,1.0,436.0,-2.1895651605,,,,,,
203,Infection_conditions__Anaerobic_growth,-1.1669670833999999,,1.0,438.0,-1.1669670833999999,,,,,,
204,Infection_conditions__NaCl_shock,-1.1970995036,,1.0,439.0,-1.1970995036,,,,,,
205,Infection_conditions__Pool_RNA_seq,0.0,,1.0,440.0,0.0,,,,,,
206,Infection_conditions__Cold_shock_15C,-2.5516428073,,1.0,441.0,-2.5516428073,,,,,,
207,Infection_conditions__Pool_dRNA_seq,0.0557297764,,1.0,442.0,0.0557297764,,,,,,
208,Infection_conditions__InSPI2_LowMg2+,0.9646490129,,1.0,443.0,0.9646490129,,,,,,
209,Infection_conditions__Temp10,0.009063175100000001,,1.0,444.0,0.009063175100000001,,,,,,
210,Infection_conditions__NonSPI2,1.9358548521,,1.0,445.0,1.9358548521,,,,,,
211,Macrophage__Intra_macrophage_dRNA,0.62654028885,0.044870080296443314,2.0,446.0,0.5948123508000001,449.0,0.6582682269,,,,
212,Macrophage__Intra_macrophage_RNA,0.0,0.11268581368473506,2.0,447.0,-0.07968090300000001,448.0,0.07968090300000001,,,,
213,comparative_st474__st474_InSPI2,4.023853856624999,0.1787442127508749,4.0,450.0,3.9006113883999998,452.0,4.0465078216,468.0,3.8803859484,469.0,4.2679102681
214,comparative_st474__st474_LEP,0.4694327057,,1.0,451.0,0.4694327057,,,,,,
215,comparative_st474__st474_EEP,0.13378263740000002,,1.0,453.0,0.13378263740000002,,,,,,
216,comparative_st474__st474_ESP,0.034733313775,0.2189733540955553,4.0,454.0,0.0853633312,460.0,-0.1998212637,461.0,-0.0595228519,472.0,0.3129140395
217,comparative_st474__st474_NaCl_shock,1.0788526627,,1.0,455.0,1.0788526627,,,,,,
218,comparative_st474__st474_NO_shock_InSPI2,1.5557225988,,1.0,456.0,1.5557225988,,,,,,
219,comparative_st474__st474_Peroxide_shock_InSPI2,2.1824372554,,1.0,457.0,2.1824372554,,,,,,
220,comparative_st474__st474_Oxygen_shock,0.9232096399,,1.0,458.0,0.9232096399,,,,,,
221,comparative_st474__st474_MEP,0.0,,1.0,459.0,0.0,,,,,,
222,comparative_st474__st474_NonSPI2,3.7593583966666664,0.2755791437051237,3.0,462.0,3.4498623361,464.0,3.8500517174,476.0,3.9781611365,,
223,comparative_st474__st474_Bile_shock,0.6439299695,,1.0,463.0,0.6439299695,,,,,,
224,comparative_st474__st474_Anaerobic_growth,0.12233566846666667,0.39849922886870487,3.0,465.0,-0.3200637212,470.0,0.23392824480000002,471.0,0.4531424818,,
225,comparative_st474__st474_Macrophage,3.1265197437,0.11268151984951695,2.0,466.0,3.0468418769,473.0,3.2061976105,,,,
226,comparative_st474__st474_Anaerobic_shock,0.9511372551,,1.0,467.0,0.9511372551,,,,,,
227,comparative_st474__st474_25C,-0.6956846464,,1.0,474.0,-0.6956846464,,,,,,
228,comparative_st474__st474_Low_Fe2+_shock,0.7477008965,,1.0,475.0,0.7477008965,,,,,,
229,comparative_D23580__D23580_NonSPI2,3.8300282041249996,0.24974723165683008,4.0,477.0,4.0874266047,500.0,3.5337798761,501.0,3.9766329073,504.0,3.7222734284
230,comparative_D23580__D23580_InSPI2,3.64414917645,0.25221951931179043,4.0,478.0,3.7590573019,481.0,3.5756812179,495.0,3.9140792035,499.0,3.3277789825
231,comparative_D23580__D23580_Anaerobic_growth,0.6238130669666666,0.2542123884154119,3.0,479.0,0.3517091097,507.0,0.6645051182,508.0,0.855224973,,
232,comparative_D23580__D23580_pBT1 deletion,0.16584290185,0.06545611466535962,2.0,480.0,0.1195584393,483.0,0.21212736440000002,,,,
233,comparative_D23580__D23580_25C,-0.5570456108,,1.0,482.0,-0.5570456108,,,,,,
234,comparative_D23580__D23580_Oxygen_shock,0.7975240376,,1.0,484.0,0.7975240376,,,,,,
235,comparative_D23580__D23580_Macrophage_dRNA_2,3.9868917445000003,,1.0,485.0,3.9868917445000003,,,,,,
236,comparative_D23580__D23580_LEP,0.2871266772,,1.0,486.0,0.2871266772,,,,,,
237,comparative_D23580__D23580_ESP,0.4089946453500001,0.27845784330060025,4.0,487.0,0.2938302901,489.0,0.7866004226000001,502.0,0.4232552214,505.0,0.1322926473
238,comparative_D23580__D23580_Macrophage,2.73530491905,0.329549711373116,2.0,488.0,2.9683317547,503.0,2.5022780834000002,,,,
239,comparative_D23580__D23580_Low_Fe2+_shock,0.1604366543,,1.0,490.0,0.1604366543,,,,,,
240,comparative_D23580__D23580_Bile_shock,0.6666013164,,1.0,491.0,0.6666013164,,,,,,
241,comparative_D23580__D23580_NaCl_shock,0.7617053159,,1.0,492.0,0.7617053159,,,,,,
242,comparative_D23580__D23580_MEP,0.0,,1.0,493.0,0.0,,,,,,
243,comparative_D23580__D23580_Macrophage_dRNA_1,3.0810791848,,1.0,494.0,3.0810791848,,,,,,
244,comparative_D23580__D23580_EEP,-0.2715778867,,1.0,496.0,-0.2715778867,,,,,,
245,comparative_D23580__D23580_NO_shock_InSPI2,2.900936506,,1.0,497.0,2.900936506,,,,,,
246,comparative_D23580__D23580_Anaerobic_shock,-0.012001156300000001,,1.0,498.0,-0.012001156300000001,,,,,,
247,comparative_D23580__D23580_Peroxide_shock_InSPI2,2.4384147999,,1.0,506.0,2.4384147999,,,,,,
248,pgtE__ESP_tex,-1.2346931225,,1.0,509.0,-1.2346931225,,,,,,
249,pgtE__Pooled_tex,-2.0707623102,,1.0,510.0,-2.0707623102,,,,,,
250,pgtE__ESP,-0.9696881962,,1.0,511.0,-0.9696881962,,,,,,
251,pgtE__InSPI2,2.0028169931,,1.0,512.0,2.0028169931,,,,,,
252,pgtE__Pooled,0.0,,1.0,513.0,0.0,,,,,,
253,pgtE__InSPI2_tex,0.2423925294,,1.0,514.0,0.2423925294,,,,,,
254,aroA__SF101,-2.4253170468,0.3484984397780633,2.0,515.0,-2.6717426568000002,516.0,-2.1788914368,,,,
255,aroA__SF100,-2.4641062775,0.19229920362498548,2.0,517.0,-2.6000823484,518.0,-2.3281302066,,,,
256,aroA__WT_vivo,0.0,0.2740267970204644,2.0,519.0,-0.1937662064,520.0,0.1937662064,,,,
257,flagella_mutants__SF102,0.0,0.019878882757159762,2.0,521.0,0.0140564928,522.0,-0.0140564928,,,,
258,flagella_mutants__del_fliHIJ,-0.1419028189,0.039023891205931166,2.0,523.0,-0.16949687700000002,524.0,-0.1143087608,,,,
259,flagella_mutants__del_fliF,-0.035000126000000006,0.0533743320021183,2.0,525.0,0.0027412261000000003,526.0,-0.0727414781,,,,
260,myricanol__Control,0.0,0.07984158151394515,3.0,527.0,-0.0749328298,528.0,-0.0090468241,529.0,0.0839796539,,
261,myricanol__Myricanol,-0.2372277335,0.13114354741256856,3.0,530.0,-0.36264532250000003,531.0,-0.1010243725,532.0,-0.2480135055,,
