,condition,X_avg,X_std,n,rep1_idx,rep1_X,rep2_idx,rep2_X,rep3_idx,rep3_X,rep4_idx,rep4_X,rep5_idx,rep5_X,rep6_idx,rep6_X,rep7_idx,rep7_X,rep8_idx,rep8_X,rep9_idx,rep9_X,rep10_idx,rep10_X,rep11_idx,rep11_X,rep12_idx,rep12_X,rep13_idx,rep13_X,rep14_idx,rep14_X,rep15_idx,rep15_X,rep16_idx,rep16_X,rep17_idx,rep17_X,rep18_idx,rep18_X
0,aat__00m_00s,0.0,0.10037603425991799,3.0,0.0,-0.0430803947,6.0,0.11472500270000001,12.0,-0.071644608,,,,,,,,,,,,,,,,,,,,,,,,,,,,,,
1,aat__00m_30s,-0.078908869,0.0922243570718291,3.0,1.0,0.0132990888,7.0,-0.0788760792,13.0,-0.1711496166,,,,,,,,,,,,,,,,,,,,,,,,,,,,,,
2,aat__01m_00s,-0.0027052095666666672,0.02700540845876917,3.0,2.0,-0.033368848900000005,8.0,0.0077176384,14.0,0.017535581800000002,,,,,,,,,,,,,,,,,,,,,,,,,,,,,,
3,aat__02m_00s,-0.061731510733333335,0.1306232450855227,3.0,3.0,0.0853947338,9.0,-0.1065225409,15.0,-0.1640667251,,,,,,,,,,,,,,,,,,,,,,,,,,,,,,
4,aat__05m_00s,-0.08239222436666667,0.067120504325707,3.0,4.0,-0.007843418000000001,10.0,-0.1380246967,16.0,-0.1013085584,,,,,,,,,,,,,,,,,,,,,,,,,,,,,,
5,aat__10m_00s,-0.13424860463333332,0.14657925565424273,3.0,5.0,0.0016822903,11.0,-0.2895500243,17.0,-0.1148780799,,,,,,,,,,,,,,,,,,,,,,,,,,,,,,
6,abx_mega__dmso-2,-1.55356221955,0.23137731627387279,2.0,18.0,-1.3899537502000001,71.0,-1.7171706889,,,,,,,,,,,,,,,,,,,,,,,,,,,,,,,,
7,abx_mega__ery_dmso,-3.2863427535333334,0.15887916895068463,3.0,19.0,-3.319047621,70.0,-3.4263245261,205.0,-3.1136561135,,,,,,,,,,,,,,,,,,,,,,,,,,,,,,
8,abx_mega__nal_naoh,-0.32929937184999997,0.6325456109577157,8.0,20.0,-1.0004133337,32.0,-0.5573973324,55.0,-0.5610156955,67.0,0.5137940744,126.0,-0.5000665754,147.0,-0.3872005593,203.0,0.7559873643,210.0,-0.8980829172,,,,,,,,,,,,,,,,,,,,
9,abx_mega__dmso-5,0.017201248466666666,0.12572771784952147,3.0,21.0,0.1330969143,34.0,0.034973987500000005,61.0,-0.11646715640000001,,,,,,,,,,,,,,,,,,,,,,,,,,,,,,
10,abx_mega__rif_dmso,0.0071953163749999965,0.40434441024998813,8.0,22.0,0.7734329275,104.0,-0.3438765091,111.0,-0.0985807275,133.0,-0.1604058685,165.0,0.0143429889,238.0,0.1694565176,265.0,-0.5484089462,270.0,0.2516021483,,,,,,,,,,,,,,,,,,,,
11,abx_mega__novo_h2o,-2.9485525064428573,0.316311238777567,7.0,23.0,-3.1433446111,56.0,-3.237860988,82.0,-3.2094287595,118.0,-2.4233558514,134.0,-2.8646117177,137.0,-2.6372059567,227.0,-3.1240596607,,,,,,,,,,,,,,,,,,,,,,
12,abx_mega__rach_dmso,-0.412090474225,0.7194850079213378,4.0,24.0,-1.4176602716,101.0,-0.3142639304,139.0,-0.20340905180000002,149.0,0.28697135690000003,,,,,,,,,,,,,,,,,,,,,,,,,,,,
13,abx_mega__metro_dmso,0.6182585995000001,0.2314881090401945,4.0,25.0,0.7930858784,123.0,0.40932891120000003,155.0,0.42799054000000003,191.0,0.8426290684000001,,,,,,,,,,,,,,,,,,,,,,,,,,,,
14,abx_mega__dmso-6,-0.23784851543333332,0.06056378049012498,3.0,26.0,-0.265298435,59.0,-0.2798267687,159.0,-0.1684203426,,,,,,,,,,,,,,,,,,,,,,,,,,,,,,
15,abx_mega__chl_h2o,-4.19351817922,0.23900243973762467,5.0,27.0,-3.9448935703,76.0,-4.0017117604,146.0,-4.3949108925,162.0,-4.4873303132,262.0,-4.1387443597,,,,,,,,,,,,,,,,,,,,,,,,,,
16,abx_mega__cst_h2o,0.025371505225000007,0.5889314433522248,4.0,28.0,0.8719129680000001,94.0,-0.28906084190000003,186.0,-0.0364154214,231.0,-0.4449506838,,,,,,,,,,,,,,,,,,,,,,,,,,,,
17,abx_mega__tec_h2o,-1.4574138685,0.9097230579732023,3.0,29.0,-2.039164706,49.0,-0.4090620379,260.0,-1.9240148616,,,,,,,,,,,,,,,,,,,,,,,,,,,,,,
18,abx_mega__str_h2o,-0.26384218315999997,1.0247534265116645,5.0,30.0,-0.6466017516,77.0,-1.0022836463,172.0,0.6461233473,259.0,-1.3111186545,280.0,0.9946697893,,,,,,,,,,,,,,,,,,,,,,,,,,
19,abx_mega__ctx_h2o,-0.8855103612,1.2771567971532334,4.0,31.0,0.9728439428000001,40.0,-1.0673489814,138.0,-1.6964732261000002,192.0,-1.7510631801,,,,,,,,,,,,,,,,,,,,,,,,,,,,
20,abx_mega__phos_h2o,-0.12479575371428571,0.6172220015883053,7.0,33.0,0.44959943100000005,39.0,0.9952074769,58.0,-0.1587529892,122.0,-0.619939927,170.0,-0.473028991,244.0,-0.5386706431,261.0,-0.5279846336,,,,,,,,,,,,,,,,,,,,,,
21,abx_mega__polmyx_h2o,-0.6338273138142857,0.8733846603397185,7.0,35.0,0.4020246941,79.0,0.8289134088000001,92.0,-1.2166553818,208.0,-1.3049156708,251.0,-1.0295039547,263.0,-0.8892170837000001,299.0,-1.2274372086,,,,,,,,,,,,,,,,,,,,,,
22,abx_mega__h2o-8b,0.6078826719666667,0.08549715061511967,3.0,36.0,0.6270559927,234.0,0.6821652586,275.0,0.5144267646,,,,,,,,,,,,,,,,,,,,,,,,,,,,,,
23,abx_mega__h2o-6,-0.2827431153,0.2461296223387321,3.0,37.0,-0.2638091621,214.0,-0.537792909,307.0,-0.0466272748,,,,,,,,,,,,,,,,,,,,,,,,,,,,,,
24,abx_mega__thio_dmso,-3.7818179478,0.32060407940559316,4.0,38.0,-3.9631022943,102.0,-4.1348597472,248.0,-3.4509909695,269.0,-3.5783187802,,,,,,,,,,,,,,,,,,,,,,,,,,,,
25,abx_mega__lzd_dmso,-3.09689493465,0.7698128541810298,4.0,41.0,-3.6962702391,178.0,-3.6725794922,249.0,-2.9547800833,309.0,-2.063949924,,,,,,,,,,,,,,,,,,,,,,,,,,,,
26,abx_mega__naoh-9,0.6991370675,0.354872111506168,2.0,42.0,0.9500695440000001,294.0,0.44820459100000004,,,,,,,,,,,,,,,,,,,,,,,,,,,,,,,,
27,abx_mega__dox_dmso,-0.5666335427875,1.0865506299698335,8.0,43.0,-2.2052363814,142.0,-0.1983563709,166.0,0.0819406772,177.0,0.2780085316,221.0,-2.0966458432,256.0,0.2814122186,282.0,0.4191898123,305.0,-1.0933809865,,,,,,,,,,,,,,,,,,,,
28,abx_mega__phos_ethanol,-0.16900109285,0.15213233066367682,2.0,44.0,-0.061427290200000005,154.0,-0.27657489550000003,,,,,,,,,,,,,,,,,,,,,,,,,,,,,,,,
29,abx_mega__teix_dmso,-0.4460619642833332,0.41905738839731416,18.0,45.0,-1.0787061925,54.0,-0.1228730273,106.0,-0.49397991500000005,108.0,-0.3438132827,135.0,-0.2798185247,143.0,-0.47237028610000004,150.0,-0.34522486490000004,183.0,-1.6267355909,204.0,-0.0578292789,226.0,-0.4711633946,253.0,-0.3232863421,255.0,-0.5550977633,257.0,-0.3952822132,264.0,-0.46539221070000003,268.0,-0.0341440666,284.0,-0.9718717598000001,300.0,-0.0308838796,306.0,0.0393572358
30,abx_mega__dmso-10,0.3029532917,0.026451567175047767,3.0,46.0,0.30642957060000003,57.0,0.3274948406,66.0,0.2749354639,,,,,,,,,,,,,,,,,,,,,,,,,,,,,,
31,abx_mega__van_dmso,-0.9058418476,0.1339836024137193,5.0,47.0,-1.0586374466,72.0,-0.810816576,112.0,-1.0429562025,156.0,-0.8370330491,212.0,-0.7797659638000001,,,,,,,,,,,,,,,,,,,,,,,,,,
32,abx_mega__ramo_h2o,0.18161492133333335,0.26304756912719535,3.0,48.0,0.0684482414,184.0,-0.0059103222,266.0,0.4823068448,,,,,,,,,,,,,,,,,,,,,,,,,,,,,,
33,abx_mega__h2o-7,0.03460323133333334,0.23653431098543928,3.0,50.0,-0.12558174490000001,245.0,0.3062787571,258.0,-0.0768873182,,,,,,,,,,,,,,,,,,,,,,,,,,,,,,
34,abx_mega__cro_h2o,-0.39380316822500006,0.7678843914234645,4.0,51.0,-0.5228286483,119.0,-1.0284316306,120.0,-0.7392845168000001,278.0,0.7153321228,,,,,,,,,,,,,,,,,,,,,,,,,,,,
35,abx_mega__tric_ethanol,1.2889108871000001,0.06157528390116418,2.0,52.0,1.2453705863,182.0,1.3324511879,,,,,,,,,,,,,,,,,,,,,,,,,,,,,,,,
36,abx_mega__nor_naoh,0.02261182028000001,0.5213780668174898,5.0,53.0,-0.14767204620000002,90.0,-0.3011117199,100.0,-0.4721487552,216.0,0.8486038181000001,293.0,0.1853878046,,,,,,,,,,,,,,,,,,,,,,,,,,
37,abx_mega__rfp_ethanol,-1.22722433815,0.5170622925387325,2.0,60.0,-1.5928425915000002,78.0,-0.8616060848,,,,,,,,,,,,,,,,,,,,,,,,,,,,,,,,
38,abx_mega__amyc-d_dmso,-1.1648400503124998,1.0586829159349056,8.0,62.0,-2.0717405934,91.0,-1.7693029167,103.0,-2.0752694747,105.0,-1.3736327418,117.0,-1.3465949957,141.0,0.4547514292,174.0,0.5310593518,201.0,-1.6679904612,,,,,,,,,,,,,,,,,,,,
39,abx_mega__sxt_dmso,-0.17586957485,0.559690385046692,4.0,63.0,0.1381431123,181.0,-1.0140361554,207.0,0.11134842310000001,239.0,0.0610663206,,,,,,,,,,,,,,,,,,,,,,,,,,,,
40,abx_mega__dmso-1,-0.765017519,0.08128507791079506,2.0,64.0,-0.7075402892,180.0,-0.8224947488000001,,,,,,,,,,,,,,,,,,,,,,,,,,,,,,,,
41,abx_mega__pen_h2o,0.45463225448,0.741437702331929,5.0,65.0,0.0792195673,69.0,-0.5608313766,211.0,1.2449150922,233.0,1.0880319563,308.0,0.4218260332,,,,,,,,,,,,,,,,,,,,,,,,,,
42,abx_mega__cip_naoh,-0.13791915094,0.7989361021870333,5.0,68.0,1.0611460465,81.0,-0.8862369498,128.0,0.15769625780000002,217.0,-0.8189491503,240.0,-0.2032519589,,,,,,,,,,,,,,,,,,,,,,,,,,
43,abx_mega__h2o-1b,-0.49263364275,0.3319344758031368,2.0,73.0,-0.25792052400000004,95.0,-0.7273467615,,,,,,,,,,,,,,,,,,,,,,,,,,,,,,,,
44,abx_mega__ery_h2o,-4.094030421699999,0.234176919953417,4.0,74.0,-4.353372453,124.0,-4.2067166711,131.0,-3.9956447262,196.0,-3.8203878365,,,,,,,,,,,,,,,,,,,,,,,,,,,,
45,abx_mega__bacit_h2o,-0.07288201192,0.10842311711635938,5.0,75.0,-0.2456478685,87.0,-0.0018025339000000001,89.0,0.0296929631,127.0,-0.0450426081,194.0,-0.1016100122,,,,,,,,,,,,,,,,,,,,,,,,,,
46,abx_mega__tric_h2o,1.6191799639500002,0.20246465874611774,2.0,80.0,1.4760158308,243.0,1.7623440971000002,,,,,,,,,,,,,,,,,,,,,,,,,,,,,,,,
47,abx_mega__bacit_dmso,-0.20838137939999998,0.30971990041952585,3.0,83.0,-0.4971138646,85.0,-0.2467761302,304.0,0.1187458566,,,,,,,,,,,,,,,,,,,,,,,,,,,,,,
48,abx_mega__gen_h2o,-0.9953924535,0.0573702103831157,2.0,84.0,-1.0359593183,121.0,-0.9548255887,,,,,,,,,,,,,,,,,,,,,,,,,,,,,,,,
49,abx_mega__chl_dmso,-0.4736645797666667,0.2397922275256112,3.0,86.0,-0.5287851138,148.0,-0.2111115311,202.0,-0.6810970944,,,,,,,,,,,,,,,,,,,,,,,,,,,,,,
50,abx_mega__lvx_dmso,-0.14778843155000002,0.7018645788083157,2.0,88.0,-0.6440816347,168.0,0.3485047716,,,,,,,,,,,,,,,,,,,,,,,,,,,,,,,,
51,abx_mega__naoh-6,-0.16218546988000002,0.2081844725744613,5.0,93.0,-0.0372331615,144.0,-0.37194926710000004,153.0,-0.015921794200000002,200.0,-0.40559433180000004,252.0,0.0197712052,,,,,,,,,,,,,,,,,,,,,,,,,,
52,abx_mega__rfp_h2o,-1.92769634,0.3735142050311873,3.0,96.0,-1.6402362794,237.0,-1.7929700963,285.0,-2.3498826443,,,,,,,,,,,,,,,,,,,,,,,,,,,,,,
53,abx_mega__tet_h2o,-2.64012116065,0.6668507983870784,4.0,97.0,-2.7412859308,169.0,-3.5129039630000003,179.0,-2.3626693233,215.0,-1.9436254255,,,,,,,,,,,,,,,,,,,,,,,,,,,,
54,abx_mega__flavo_dmso,-0.697875414875,0.23041349182617316,4.0,98.0,-0.8688229395,132.0,-0.7152890042000001,223.0,-0.367046503,297.0,-0.8403432128,,,,,,,,,,,,,,,,,,,,,,,,,,,,
55,abx_mega__zeocin_h2o,-0.37630990604000003,0.7667268189406948,5.0,99.0,0.5463167741,173.0,-0.6158879969000001,193.0,-1.4173410074000001,213.0,-0.5813895507,292.0,0.1867522507,,,,,,,,,,,,,,,,,,,,,,,,,,
56,abx_mega__valin_dmso,-0.6384727391999999,0.6302310201233019,3.0,107.0,-0.3085532244,140.0,-1.3651761873,276.0,-0.2416888059,,,,,,,,,,,,,,,,,,,,,,,,,,,,,,
57,abx_mega__ethanol-10,0.4558583943,0.4051086750858566,3.0,109.0,0.9113859496000001,115.0,0.1359858581,286.0,0.32020337520000003,,,,,,,,,,,,,,,,,,,,,,,,,,,,,,
58,abx_mega__inh_h2o,1.22586139655,1.479923020156236,4.0,110.0,-0.184176425,145.0,2.5917216283,185.0,0.0826691575,272.0,2.4132312254,,,,,,,,,,,,,,,,,,,,,,,,,,,,
59,abx_mega__doxo_dmso,0.202755284,0.14097583835436117,3.0,113.0,0.3252007253,283.0,0.23442778620000002,301.0,0.0486373405,,,,,,,,,,,,,,,,,,,,,,,,,,,,,,
60,abx_mega__tmp_dmso,-0.8293022121499999,0.775714512567087,6.0,114.0,-1.0498898799,116.0,-1.0607455859,206.0,-1.0874285953,218.0,-1.7525543128,222.0,0.5589806558,224.0,-0.5841755548,,,,,,,,,,,,,,,,,,,,,,,,
61,abx_mega__sacet_h2o,-0.8985245591000001,0.11415174517850546,2.0,125.0,-0.8178070860000001,289.0,-0.9792420322000001,,,,,,,,,,,,,,,,,,,,,,,,,,,,,,,,
62,abx_mega__ethanol-8,0.8651746001333332,0.2859007060082308,3.0,129.0,0.6298064947,161.0,0.7823827069,188.0,1.1833345988,,,,,,,,,,,,,,,,,,,,,,,,,,,,,,
63,abx_mega__h2o-8a,-0.5956852510666667,0.26039856754198554,3.0,130.0,-0.8803960077,247.0,-0.3695906778,281.0,-0.5370690677000001,,,,,,,,,,,,,,,,,,,,,,,,,,,,,,
64,abx_mega__naoh-2,-0.4009559463,0.11036664839933331,2.0,136.0,-0.4789969518,287.0,-0.3229149408,,,,,,,,,,,,,,,,,,,,,,,,,,,,,,,,
65,abx_mega__ceru_ethanol,0.3250415301333333,0.7139768985028451,3.0,151.0,0.9684232934,197.0,-0.4430885317,225.0,0.4497898287,,,,,,,,,,,,,,,,,,,,,,,,,,,,,,
66,abx_mega__dmso-7,-0.19916765626666666,0.28288083015176224,3.0,152.0,0.09724570390000001,236.0,-0.22852189,295.0,-0.4662267827,,,,,,,,,,,,,,,,,,,,,,,,,,,,,,
67,abx_mega__h2o-10,-0.0008126185333333277,0.2828301513736446,3.0,157.0,-0.2830608209,158.0,-0.0019729463000000003,246.0,0.2825959116,,,,,,,,,,,,,,,,,,,,,,,,,,,,,,
68,abx_mega__mem_dmso,-0.5092085741833333,0.9599369330200743,6.0,160.0,-0.8053956091000001,167.0,-2.0417215399,209.0,0.4861812559,220.0,-0.8667000416,242.0,-0.3282148579,302.0,0.5005993475,,,,,,,,,,,,,,,,,,,,,,,,
69,abx_mega__van_h2o,-0.10787600116,0.5360176094865214,5.0,163.0,-0.44393571940000004,232.0,0.7460108853,254.0,0.0492661433,288.0,-0.279959446,296.0,-0.6107618690000001,,,,,,,,,,,,,,,,,,,,,,,,,,
70,abx_mega__dcs_h2o,-0.14007546225,0.3100125199607304,4.0,164.0,-0.3467997597,230.0,0.2192861679,274.0,0.012514689,279.0,-0.4453029462,,,,,,,,,,,,,,,,,,,,,,,,,,,,
71,abx_mega__monac_dmso,-1.33407119445,0.3406093657555456,4.0,171.0,-0.9239904214,189.0,-1.4902249779,250.0,-1.212786308,290.0,-1.7092830705000002,,,,,,,,,,,,,,,,,,,,,,,,,,,,
72,abx_mega__fidax_dmso,0.35072516377500007,0.19188409820335986,4.0,175.0,0.2199918853,198.0,0.2576096095,228.0,0.6353381364,267.0,0.2899610239,,,,,,,,,,,,,,,,,,,,,,,,,,,,
73,abx_mega__h2o-1a,-4.625929269271485e-18,0.13119254574754266,3.0,176.0,0.0498988057,229.0,-0.1488205696,303.0,0.0989217639,,,,,,,,,,,,,,,,,,,,,,,,,,,,,,
74,abx_mega__dmso-9,0.5251562130000001,0.24067775770094643,3.0,187.0,0.548524525,190.0,0.7532974613000001,241.0,0.2736466527,,,,,,,,,,,,,,,,,,,,,,,,,,,,,,
75,abx_mega__reta_dmso,-4.14389016665,0.06937190550500932,4.0,195.0,-4.058163154,219.0,-4.1168613723,235.0,-4.1996470258,271.0,-4.2008891145,,,,,,,,,,,,,,,,,,,,,,,,,,,,
76,abx_mega__novo_dmso,-2.0604582425999998,0.0537450422132533,3.0,199.0,-1.9985560485,273.0,-2.0875859463,298.0,-2.095232733,,,,,,,,,,,,,,,,,,,,,,,,,,,,,,
77,abx_mega__h2o-2,-0.73718432825,0.05281815765835078,2.0,277.0,-0.6998362508,291.0,-0.7745324057,,,,,,,,,,,,,,,,,,,,,,,,,,,,,,,,
78,abx_mega__daro,-1.7162850509999998,0.7507036720154979,3.0,310.0,-2.2973720982,312.0,-1.9827957311,313.0,-0.8686873237,,,,,,,,,,,,,,,,,,,,,,,,,,,,,,
79,abx_mega__solv,-1.8062394268333335,0.4519470774869978,3.0,311.0,-1.7950253282,314.0,-2.2636891964,315.0,-1.3600037559,,,,,,,,,,,,,,,,,,,,,,,,,,,,,,
80,abx_mega__dmso-4,-0.24729368843333335,0.21286341417424287,3.0,316.0,-0.4706677945,320.0,-0.2244257755,321.0,-0.0467874953,,,,,,,,,,,,,,,,,,,,,,,,,,,,,,
81,abx_mega__kirr_dmso,-4.333363867566667,0.13584440149134708,3.0,317.0,-4.4406625697,318.0,-4.3788050953,319.0,-4.1806239377,,,,,,,,,,,,,,,,,,,,,,,,,,,,,,
82,ackA_pta__dnaA46_del_ackA,1.6268738606,0.397068973726034,3.0,322.0,1.2682427937,323.0,2.0535789417,324.0,1.5587998464,,,,,,,,,,,,,,,,,,,,,,,,,,,,,,
83,ackA_pta__dnaA46_del_pta,2.1016230298333336,1.5384049828361834,3.0,325.0,3.8538114495,326.0,0.9724148186,327.0,1.4786428214,,,,,,,,,,,,,,,,,,,,,,,,,,,,,,
84,ackA_pta__dnaA46,0.34882022296666665,0.28708907944932477,3.0,328.0,0.45117237730000004,329.0,0.0245815762,330.0,0.5707067154000001,,,,,,,,,,,,,,,,,,,,,,,,,,,,,,
85,ackA_pta__del_ackA,1.9534972627333334,1.2094030959467181,3.0,331.0,1.2744852201999999,332.0,3.349820597,333.0,1.236185971,,,,,,,,,,,,,,,,,,,,,,,,,,,,,,
86,ackA_pta__del_pta,-0.18326857319999992,1.1491792015461557,3.0,334.0,-1.4298169305,335.0,0.0460503644,336.0,0.8339608465,,,,,,,,,,,,,,,,,,,,,,,,,,,,,,
87,ackA_pta__wt,-1.850371707708594e-17,0.5629075616509477,3.0,337.0,0.6127521976,338.0,-0.1185837102,339.0,-0.4941684874,,,,,,,,,,,,,,,,,,,,,,,,,,,,,,
88,anticancer__5fu,0.5091337518,0.20346561720348044,3.0,340.0,0.5032859477,341.0,0.3086550733,348.0,0.7154602344000001,,,,,,,,,,,,,,,,,,,,,,,,,,,,,,
89,anticancer__cap,-0.030356840299999997,0.1929669915134815,3.0,342.0,0.18939258450000002,343.0,-0.1721518055,344.0,-0.1083112999,,,,,,,,,,,,,,,,,,,,,,,,,,,,,,
90,anticancer__wt,-3.33333360913457e-11,0.2707881444710575,3.0,345.0,-0.2854573783,346.0,0.0322217523,347.0,0.2532356259,,,,,,,,,,,,,,,,,,,,,,,,,,,,,,
91,bio_pln__aero_pln,0.0,0.10811536508208276,2.0,349.0,0.0764491078,350.0,-0.0764491078,,,,,,,,,,,,,,,,,,,,,,,,,,,,,,,,
92,bio_pln__anaero_pln,-0.8251845274,0.07200805388198799,2.0,351.0,-0.8761019106,352.0,-0.7742671442,,,,,,,,,,,,,,,,,,,,,,,,,,,,,,,,
93,biocide__bzcl_12h,0.3999349798666667,0.31720256349640236,3.0,353.0,0.47027981900000004,354.0,0.0534650033,355.0,0.6760601173,,,,,,,,,,,,,,,,,,,,,,,,,,,,,,
94,biocide__etoh_12h,0.9587273620666666,0.1752118307675996,3.0,356.0,0.7921258937000001,357.0,0.9426190992000001,358.0,1.1414370933,,,,,,,,,,,,,,,,,,,,,,,,,,,,,,
95,biocide__gluald_12h,0.9194266573666668,0.09375494782903489,3.0,359.0,0.8540128463000001,360.0,0.8774290434,361.0,1.0268380824,,,,,,,,,,,,,,,,,,,,,,,,,,,,,,
96,biocide__h2o2_12h,1.1514785595333334,0.16991410296410106,3.0,362.0,1.045237578,363.0,1.0617514295,364.0,1.3474466711,,,,,,,,,,,,,,,,,,,,,,,,,,,,,,
97,biocide__2ppoh_12h,1.5090071095333333,0.10266768697860573,3.0,365.0,1.5676422081,366.0,1.5689201484000002,367.0,1.3904589721,,,,,,,,,,,,,,,,,,,,,,,,,,,,,,
98,biocide__paa_12h,1.1252120898333333,0.10469862078657678,3.0,368.0,1.0222412228,369.0,1.1218381431,370.0,1.2315569036,,,,,,,,,,,,,,,,,,,,,,,,,,,,,,
99,biocide__phe_12h,1.3961858572666668,0.12202322250911851,3.0,371.0,1.4538385427,372.0,1.2560186293,373.0,1.4787003998000001,,,,,,,,,,,,,,,,,,,,,,,,,,,,,,
100,biocide__pvp-i_12h,1.2734967666666668,0.1710416001363707,3.0,374.0,1.3498357619,375.0,1.0775790604,376.0,1.3930754777,,,,,,,,,,,,,,,,,,,,,,,,,,,,,,
101,biocide__bleach_12h,1.3871508836666668,0.16199036631246116,3.0,377.0,1.2862317661,378.0,1.5740009757,379.0,1.3012199092,,,,,,,,,,,,,,,,,,,,,,,,,,,,,,
102,biocide__chx_12h,1.0642689383333332,0.3340033423253042,3.0,380.0,1.4463926627,381.0,0.9184213122,382.0,0.8279928401000001,,,,,,,,,,,,,,,,,,,,,,,,,,,,,,
103,biocide__bzcl_30m,1.4718032313,0.14596727666969744,3.0,383.0,1.5151620782,384.0,1.3090690183,385.0,1.5911785974,,,,,,,,,,,,,,,,,,,,,,,,,,,,,,
104,biocide__phe_30m,0.8313473463,0.22361421148241967,3.0,386.0,0.6249646036000001,387.0,1.0689185458,388.0,0.8001588895,,,,,,,,,,,,,,,,,,,,,,,,,,,,,,
105,biocide__pvp-i_30m,1.0891175197666667,0.030481223265973384,3.0,389.0,1.0572994918,390.0,1.1180578343,391.0,1.0919952332,,,,,,,,,,,,,,,,,,,,,,,,,,,,,,
106,biocide__ctrl_12h,0.6861995139666668,0.1272638407101148,3.0,392.0,0.5944595650000001,393.0,0.6326515752,394.0,0.8314874017,,,,,,,,,,,,,,,,,,,,,,,,,,,,,,
107,biocide__ctrl_30m,-9.25185853854297e-18,0.2919363018088718,3.0,395.0,0.2441116535,396.0,-0.3233862263,397.0,0.0792745728,,,,,,,,,,,,,,,,,,,,,,,,,,,,,,
108,clpP__wt,3.333333493486338e-11,0.1306777330598235,3.0,398.0,0.11324051930000001,400.0,-0.1429863902,402.0,0.029745871000000004,,,,,,,,,,,,,,,,,,,,,,,,,,,,,,
109,clpP__wt_DPTA,1.1747027092666666,0.0824307322190237,3.0,399.0,1.1886466091,401.0,1.0861893505,403.0,1.2492721682,,,,,,,,,,,,,,,,,,,,,,,,,,,,,,
110,clpP__delclpP,0.46642726770000004,0.056298005783601196,3.0,404.0,0.4444871427,406.0,0.5303920341,408.0,0.42440262630000003,,,,,,,,,,,,,,,,,,,,,,,,,,,,,,
111,clpP__delclpP_DPTA,0.7061794075000001,0.3829176216397997,3.0,405.0,1.1462654264,407.0,0.5231381134,409.0,0.4491346827,,,,,,,,,,,,,,,,,,,,,,,,,,,,,,
112,colombos2__delydcR,-0.2899738069,0.2603037039387125,3.0,410.0,-0.5861933235,411.0,-0.0977220417,412.0,-0.18600605550000002,,,,,,,,,,,,,,,,,,,,,,,,,,,,,,
113,colombos2__delyjiR,-0.31291192079999997,0.45418513187299303,3.0,413.0,-0.8363349362,414.0,-0.0228209447,415.0,-0.0795798815,,,,,,,,,,,,,,,,,,,,,,,,,,,,,,
114,colombos2__wt,-3.333333377838107e-11,0.1222888263957901,3.0,416.0,0.1367205786,417.0,-0.0989408321,418.0,-0.037779746600000004,,,,,,,,,,,,,,,,,,,,,,,,,,,,,,
115,crp_k100__ar1_ar2,-0.6225516711666667,0.38534632665755497,3.0,419.0,-0.8474019381000001,420.0,-0.8426525661000001,421.0,-0.17760050930000001,,,,,,,,,,,,,,,,,,,,,,,,,,,,,,
116,crp_k100__wt,-3.3333326839487164e-11,0.11357652569890023,3.0,422.0,0.13113918300000002,423.0,-0.0667997114,424.0,-0.0643394717,,,,,,,,,,,,,,,,,,,,,,,,,,,,,,
117,crp_k100__K100Q,-0.16467430785,0.4073972586807947,2.0,425.0,-0.4527476721,426.0,0.1233990564,,,,,,,,,,,,,,,,,,,,,,,,,,,,,,,,
118,crp_k100__K100R,0.4051960183,0.43413901747918343,3.0,427.0,-0.020552177600000002,428.0,0.8472655389,429.0,0.3888746936,,,,,,,,,,,,,,,,,,,,,,,,,,,,,,
119,csrA__wt_t00,0.0,0.7958534861675093,2.0,430.0,-0.5627533969,440.0,0.5627533969,,,,,,,,,,,,,,,,,,,,,,,,,,,,,,,,
120,csrA__wt_t02_30,1.2833400464,0.7507002402229244,2.0,431.0,0.7525148159,441.0,1.8141652769,,,,,,,,,,,,,,,,,,,,,,,,,,,,,,,,
121,csrA__wt_t05,1.48697797445,0.5876474806997727,2.0,432.0,1.0714484559,442.0,1.902507493,,,,,,,,,,,,,,,,,,,,,,,,,,,,,,,,
122,csrA__wt_t10,-0.10772459075000002,0.3364099936233585,2.0,433.0,-0.34560237850000003,443.0,0.130153197,,,,,,,,,,,,,,,,,,,,,,,,,,,,,,,,
123,csrA__wt_t15,-0.8764947418000001,0.2233091940301195,2.0,434.0,-1.0343981872,444.0,-0.7185912964000001,,,,,,,,,,,,,,,,,,,,,,,,,,,,,,,,
124,csrA__delcsrA_t00,0.54632119495,0.1994019961361423,2.0,435.0,0.6873196986,445.0,0.40532269130000004,,,,,,,,,,,,,,,,,,,,,,,,,,,,,,,,
125,csrA__delcsrA_t02_30,0.9991060799,0.1246445943455714,2.0,436.0,1.0872431178,446.0,0.9109690420000001,,,,,,,,,,,,,,,,,,,,,,,,,,,,,,,,
126,csrA__delcsrA_t05,0.6577010557,0.42678249117283573,2.0,437.0,0.9594818493,447.0,0.3559202621,,,,,,,,,,,,,,,,,,,,,,,,,,,,,,,,
127,csrA__delcsrA_t10,-0.4944695090500001,0.032892594964188296,2.0,438.0,-0.5177280860000001,448.0,-0.47121093210000004,,,,,,,,,,,,,,,,,,,,,,,,,,,,,,,,
128,csrA__delcsrA_t15,-0.4058100642,0.08485501920843622,2.0,439.0,-0.4658116237,449.0,-0.3458085047,,,,,,,,,,,,,,,,,,,,,,,,,,,,,,,,
129,cstr_pfr__str_0005m,0.12796804475,0.295674997345051,2.0,450.0,0.3370418404,478.0,-0.08110575090000001,,,,,,,,,,,,,,,,,,,,,,,,,,,,,,,,
130,cstr_pfr__str_0010m,-0.3242853567,0.010396345779154112,2.0,451.0,-0.3169340301,479.0,-0.3316366833,,,,,,,,,,,,,,,,,,,,,,,,,,,,,,,,
131,cstr_pfr__str_0025m,-0.011280485800000004,0.13274414387950398,2.0,452.0,0.0825837985,480.0,-0.1051447701,,,,,,,,,,,,,,,,,,,,,,,,,,,,,,,,
132,cstr_pfr__str_0045m,0.046848091800000005,0.124143402433078,2.0,453.0,0.13463073350000002,481.0,-0.0409345499,,,,,,,,,,,,,,,,,,,,,,,,,,,,,,,,
133,cstr_pfr__str_0075m,-0.004722487400000001,0.02193474452892869,2.0,454.0,-0.020232694000000002,482.0,0.0107877192,,,,,,,,,,,,,,,,,,,,,,,,,,,,,,,,
134,cstr_pfr__str_0120m,0.007164991300000003,0.09565019484964704,2.0,455.0,0.07479989270000001,483.0,-0.0604699101,,,,,,,,,,,,,,,,,,,,,,,,,,,,,,,,
135,cstr_pfr__str_0210m,0.0780886522,0.025711554582310784,2.0,456.0,0.09626946680000001,484.0,0.0599078376,,,,,,,,,,,,,,,,,,,,,,,,,,,,,,,,
136,cstr_pfr__str_0330m,0.20121890095,0.006374208634283924,2.0,457.0,0.2057261471,485.0,0.1967116548,,,,,,,,,,,,,,,,,,,,,,,,,,,,,,,,
137,cstr_pfr__str_1500m,0.09471825985,0.15657746509546042,2.0,458.0,0.2054352472,486.0,-0.0159987275,,,,,,,,,,,,,,,,,,,,,,,,,,,,,,,,
138,cstr_pfr__str_1560m,0.2402311559,0.012421773816482093,2.0,459.0,0.23144763540000002,487.0,0.2490146764,,,,,,,,,,,,,,,,,,,,,,,,,,,,,,,,
139,cstr_pfr__str_1680m,0.135655723,0.01890541634683213,2.0,460.0,0.1222875749,488.0,0.1490238711,,,,,,,,,,,,,,,,,,,,,,,,,,,,,,,,
140,cstr_pfr__str_ref1,0.0,0.008701387348704803,2.0,461.0,0.00615281,489.0,-0.00615281,,,,,,,,,,,,,,,,,,,,,,,,,,,,,,,,
141,cstr_pfr__str_ref2,0.18723090845,0.2742801185197993,2.0,462.0,0.3811762402,490.0,-0.0067144233,,,,,,,,,,,,,,,,,,,,,,,,,,,,,,,,
142,cstr_pfr__str_ref3,0.0012736078500000005,0.07047031208834346,2.0,463.0,0.0511036434,491.0,-0.0485564277,,,,,,,,,,,,,,,,,,,,,,,,,,,,,,,,
143,cstr_pfr__pfr_P5_0005m,0.24753155015,0.2683584466996342,2.0,464.0,0.4372896276,492.0,0.0577734727,,,,,,,,,,,,,,,,,,,,,,,,,,,,,,,,
144,cstr_pfr__pfr_P5_0010m,-0.05012123275,0.0751030030583029,2.0,465.0,0.00298461,493.0,-0.1032270755,,,,,,,,,,,,,,,,,,,,,,,,,,,,,,,,
145,cstr_pfr__pfr_P5_0025m,0.15889201215,0.20415807115830054,2.0,466.0,0.30325356870000003,494.0,0.0145304556,,,,,,,,,,,,,,,,,,,,,,,,,,,,,,,,
146,cstr_pfr__pfr_P3_0025m,0.018207834,0.1309882629672653,2.0,467.0,0.110830523,495.0,-0.074414855,,,,,,,,,,,,,,,,,,,,,,,,,,,,,,,,
147,cstr_pfr__pfr_P1_0025m,-0.08312216280000001,0.07719805063727553,2.0,468.0,-0.028534897700000002,496.0,-0.13770942790000001,,,,,,,,,,,,,,,,,,,,,,,,,,,,,,,,
148,cstr_pfr__pfr_P5_0045m,0.2907446541,0.020685234803512954,2.0,469.0,0.3053713239,497.0,0.2761179843,,,,,,,,,,,,,,,,,,,,,,,,,,,,,,,,
149,cstr_pfr__pfr_P5_0120m,0.28913268915,0.10943883343919518,2.0,470.0,0.3665176304,498.0,0.2117477479,,,,,,,,,,,,,,,,,,,,,,,,,,,,,,,,
150,cstr_pfr__pfr_P3_0120m,0.1116107485,0.03717097586858787,2.0,471.0,0.1378945976,499.0,0.0853268994,,,,,,,,,,,,,,,,,,,,,,,,,,,,,,,,
151,cstr_pfr__pfr_P1_0120m,0.71282603825,0.5786024493549059,2.0,472.0,1.1219597538,500.0,0.3036923227,,,,,,,,,,,,,,,,,,,,,,,,,,,,,,,,
152,cstr_pfr__pfr_P5_0210m,0.16729958125000002,0.23181288542438105,2.0,473.0,0.33121604450000003,501.0,0.003383118,,,,,,,,,,,,,,,,,,,,,,,,,,,,,,,,
153,cstr_pfr__pfr_P5_1500m,0.41352162915,0.014001164199538476,2.0,474.0,0.40362131100000004,502.0,0.4234219473,,,,,,,,,,,,,,,,,,,,,,,,,,,,,,,,
154,cstr_pfr__pfr_P3_1680m,0.35960043545000003,0.18305053959856227,2.0,475.0,0.2301641576,503.0,0.48903671330000004,,,,,,,,,,,,,,,,,,,,,,,,,,,,,,,,
155,cstr_pfr__pfr_P5_1680m,0.37770883235,0.1824261121262941,2.0,476.0,0.5067035733,504.0,0.2487140914,,,,,,,,,,,,,,,,,,,,,,,,,,,,,,,,
156,cstr_pfr__pfr_P1_1680m,0.20824753765,0.07307364308300741,2.0,477.0,0.2599184062,505.0,0.1565766691,,,,,,,,,,,,,,,,,,,,,,,,,,,,,,,,
157,darobactin__daro_30m,2.3568418396333333,0.5311446375564767,3.0,506.0,2.745782562,507.0,1.7516909921,514.0,2.5730519648,,,,,,,,,,,,,,,,,,,,,,,,,,,,,,
158,darobactin__solv_1h,2.8646934423,0.23610217844655634,3.0,508.0,2.6816626542,509.0,2.7812258754,511.0,3.1311917973,,,,,,,,,,,,,,,,,,,,,,,,,,,,,,
159,darobactin__daro_1h,4.666168051333333,0.32325793367473465,3.0,510.0,4.8408923946,512.0,4.2931500648,513.0,4.8644616946,,,,,,,,,,,,,,,,,,,,,,,,,,,,,,
160,darobactin__solv_30m,0.9194033484333334,0.43916448182120765,3.0,515.0,1.2014874492,522.0,0.4134135454,523.0,1.1433090507,,,,,,,,,,,,,,,,,,,,,,,,,,,,,,
161,darobactin__solv_15m,0.0,0.06503225296708125,3.0,516.0,-0.0363198431,517.0,-0.0387597207,519.0,0.0750795638,,,,,,,,,,,,,,,,,,,,,,,,,,,,,,
162,darobactin__daro_15m,0.6544206090333333,0.1795689180376527,3.0,518.0,0.6115127196,520.0,0.5001925083000001,521.0,0.8515565992,,,,,,,,,,,,,,,,,,,,,,,,,,,,,,
163,ddp__pNT3_aroP,-1.79588869285,0.05288917309949222,2.0,524.0,-1.7584903999,525.0,-1.8332869858,,,,,,,,,,,,,,,,,,,,,,,,,,,,,,,,
164,ddp__pNT3_bamC,-2.20070379695,0.03742726707498217,2.0,526.0,-2.1742387226,527.0,-2.2271688713,,,,,,,,,,,,,,,,,,,,,,,,,,,,,,,,
165,ddp__pNT3_cusA,-1.2661651121,0.3623532096100829,2.0,528.0,-1.5223875238,529.0,-1.0099427004,,,,,,,,,,,,,,,,,,,,,,,,,,,,,,,,
166,ddp__pNT3_hemX,-1.3002460632,0.4759554519265905,2.0,530.0,-0.9636947356000001,531.0,-1.6367973908,,,,,,,,,,,,,,,,,,,,,,,,,,,,,,,,
167,ddp__pNT3_empty,0.0,0.4790572787770127,2.0,532.0,0.3387446504,533.0,-0.3387446504,,,,,,,,,,,,,,,,,,,,,,,,,,,,,,,,
168,ddp__pNT3_topA,-3.13515050505,0.49888999417887553,2.0,534.0,-2.7823820071,535.0,-3.487919003,,,,,,,,,,,,,,,,,,,,,,,,,,,,,,,,
169,ddp__pNT3_yicR,-0.4090601776,0.3396303399848782,2.0,536.0,-0.1689052611,537.0,-0.6492150941,,,,,,,,,,,,,,,,,,,,,,,,,,,,,,,,
170,ddp__pNT3_yqjD,-1.4210749865,0.45498675328800636,2.0,538.0,-1.0993507679,539.0,-1.7427992051,,,,,,,,,,,,,,,,,,,,,,,,,,,,,,,,
171,ecomics__del_gabT,0.0,0.7942110093437811,2.0,540.0,0.5615919904000001,541.0,-0.5615919904000001,,,,,,,,,,,,,,,,,,,,,,,,,,,,,,,,
172,ecomics__del_putP,0.02985754665000001,0.5296464368812153,2.0,542.0,0.40437413380000004,543.0,-0.3446590405,,,,,,,,,,,,,,,,,,,,,,,,,,,,,,,,
173,ecomics__del_entF,-0.8705761699333334,0.680120820133239,3.0,544.0,-1.4973025408,545.0,-0.147365608,546.0,-0.967060361,,,,,,,,,,,,,,,,,,,,,,,,,,,,,,
174,ecomics__del_cysA,-1.6190187538,0.17596191807298592,2.0,547.0,-1.7434426193,548.0,-1.4945948883,,,,,,,,,,,,,,,,,,,,,,,,,,,,,,,,
175,elyC__wt_21C,-0.1248913618,0.04847126088741998,3.0,549.0,-0.10052658490000001,550.0,-0.0934362507,551.0,-0.1807112498,,,,,,,,,,,,,,,,,,,,,,,,,,,,,,
176,elyC__wt_37C,0.0,0.7886014253902663,3.0,552.0,-0.5527899919,553.0,0.9030604783,554.0,-0.3502704864,,,,,,,,,,,,,,,,,,,,,,,,,,,,,,
177,elyC__delelyC_21C,0.07359922690000001,0.2965911037788831,3.0,555.0,-0.1532804204,556.0,0.40921128570000004,557.0,-0.0351331846,,,,,,,,,,,,,,,,,,,,,,,,,,,,,,
178,elyC__delelyC_37C,-0.3088806336666667,0.3147318546904527,3.0,558.0,0.0486629779,559.0,-0.5440267663,560.0,-0.43127811260000004,,,,,,,,,,,,,,,,,,,,,,,,,,,,,,
179,evo_acid_w__F9_2,-0.6899605774,0.05766228503614007,3.0,561.0,-0.7565386203000001,578.0,-0.6559916528,589.0,-0.6573514591,,,,,,,,,,,,,,,,,,,,,,,,,,,,,,
180,evo_acid_w__F11_1,-1.8020816647333335,0.16885401172791303,3.0,562.0,-1.6947180670000002,563.0,-1.9967119318000002,564.0,-1.7148149954,,,,,,,,,,,,,,,,,,,,,,,,,,,,,,
181,evo_acid_w__wt,-1.111111819835426e-11,0.7769157034615112,9.0,565.0,-0.7657061522,569.0,-0.9518051284000001,574.0,-0.8724723033,579.0,1.2208558537,580.0,0.9524956561000001,581.0,-0.1226413417,587.0,0.3153700003,590.0,-0.0259517955,592.0,0.2498552109,,,,,,,,,,,,,,,,,,
182,evo_acid_w__F11_2,-0.3552117353,0.20454913115078352,3.0,566.0,-0.1221587652,568.0,-0.4384954482,577.0,-0.5049809925000001,,,,,,,,,,,,,,,,,,,,,,,,,,,,,,
183,evo_acid_w__B11_2,-0.6123450588,0.04674671821544073,3.0,567.0,-0.6313098226,573.0,-0.559096149,576.0,-0.6466292048,,,,,,,,,,,,,,,,,,,,,,,,,,,,,,
184,evo_acid_w__B11_1,-1.3933415219333334,0.16781512361945,3.0,570.0,-1.5830045997000002,585.0,-1.264117347,591.0,-1.3329026191,,,,,,,,,,,,,,,,,,,,,,,,,,,,,,
185,evo_acid_w__H9_1,-3.7549693839,0.16385966063792065,2.0,571.0,-3.8708356611,582.0,-3.6391031067,,,,,,,,,,,,,,,,,,,,,,,,,,,,,,,,
186,evo_acid_w__H9_2,-0.6773886214666667,0.17166487304307884,3.0,572.0,-0.5271927494,575.0,-0.6404609861,586.0,-0.8645121289000001,,,,,,,,,,,,,,,,,,,,,,,,,,,,,,
187,evo_acid_w__F9_1,-1.3073648919,0.054312189927418646,3.0,583.0,-1.2461307358,584.0,-1.3262517709,588.0,-1.349712169,,,,,,,,,,,,,,,,,,,,,,,,,,,,,,
188,evo_bz__c3_1_bz,1.4278167165166666,0.30751194763223366,6.0,593.0,1.6552970027,594.0,0.9120656347,595.0,1.1853019491,596.0,1.5653580032,613.0,1.6275997312000001,614.0,1.6212779782,,,,,,,,,,,,,,,,,,,,,,,,
189,evo_bz__g5_1_bz,1.456191614033333,0.3433168676784552,6.0,597.0,1.9175117927,598.0,1.3273258433000001,599.0,1.3911145823,600.0,0.9322679804,601.0,1.4291092166000001,602.0,1.7398202689,,,,,,,,,,,,,,,,,,,,,,,,
190,evo_bz__w3110d13,-1.666666804567285e-11,0.8181893241710955,6.0,603.0,0.5327420860000001,604.0,1.0889488748,605.0,-0.8308883677000001,606.0,0.5185751217,607.0,-0.8293520079000001,608.0,-0.480025707,,,,,,,,,,,,,,,,,,,,,,,,
191,evo_bz__w3110d13_bz,1.6042212657166666,0.6413831785921122,6.0,609.0,2.1708187583,610.0,2.1200315644,611.0,0.858471227,612.0,2.2561338615,621.0,1.1101668363,622.0,1.1097053468,,,,,,,,,,,,,,,,,,,,,,,,
192,evo_bz__g5_2_bz,1.3066351687333333,0.6264851023235517,6.0,615.0,0.5934031564000001,616.0,0.4602838574,617.0,1.4380508493,618.0,1.8526289146,619.0,1.8760046716,620.0,1.6194395631,,,,,,,,,,,,,,,,,,,,,,,,
193,evo_bz__a1_1_bz,0.7561705790000001,0.8436163380350431,6.0,623.0,1.7699368126000001,624.0,1.266267084,625.0,0.0525561281,626.0,1.4995521285,627.0,-0.0391286018,628.0,-0.0121600774,,,,,,,,,,,,,,,,,,,,,,,,
194,evo_metab__wt,3.33333360913457e-11,0.6664438688221886,3.0,629.0,-0.6937996902,647.0,0.058578977600000005,666.0,0.6352207127,,,,,,,,,,,,,,,,,,,,,,,,,,,,,,
195,evo_metab__del_zwf,0.2104950549333334,0.8177535415229034,3.0,630.0,0.8691500301,648.0,0.467129232,667.0,-0.7047940973,,,,,,,,,,,,,,,,,,,,,,,,,,,,,,
196,evo_metab__zwf_ale1,-0.43185033590000005,0.6812868436652374,3.0,631.0,-1.1787253629,649.0,-0.27238719910000003,668.0,0.15556155430000002,,,,,,,,,,,,,,,,,,,,,,,,,,,,,,
197,evo_metab__zwf_ale2,-1.2809592038000002,0.47325369272591505,3.0,632.0,-1.233876107,650.0,-0.8330069090000001,669.0,-1.7759945954,,,,,,,,,,,,,,,,,,,,,,,,,,,,,,
198,evo_metab__del_ppk,-0.20644036276666666,0.7045663823512994,3.0,633.0,-0.9928036352,651.0,0.0060802927,670.0,0.3674022542,,,,,,,,,,,,,,,,,,,,,,,,,,,,,,
199,evo_metab__ppk_ale1,-0.9828053915666667,1.0530210052272897,3.0,634.0,-2.1912146005,652.0,-0.2617092764,671.0,-0.49549229780000004,,,,,,,,,,,,,,,,,,,,,,,,,,,,,,
200,evo_metab__ppk_ale2,-1.1082064469666666,0.44033777950823394,3.0,635.0,-1.4113102916,653.0,-1.3101985878,672.0,-0.6031104615,,,,,,,,,,,,,,,,,,,,,,,,,,,,,,
201,evo_metab__ppk_ale3,-1.3414324217666669,0.6809803597951922,3.0,636.0,-0.6240838261,654.0,-1.9790197789000001,673.0,-1.4211936603,,,,,,,,,,,,,,,,,,,,,,,,,,,,,,
202,evo_metab__del_dapF,0.43159984340000007,0.20097410489278847,3.0,637.0,0.2003623897,655.0,0.5302621307000001,674.0,0.5641750098,,,,,,,,,,,,,,,,,,,,,,,,,,,,,,
203,evo_metab__dapF_ale1,0.4451255178,0.5220521231271765,3.0,638.0,-0.1285161297,656.0,0.8923828226,675.0,0.5715098605,,,,,,,,,,,,,,,,,,,,,,,,,,,,,,
204,evo_metab__dapF_ale3,0.6670049657666667,0.16493610367110106,3.0,639.0,0.7789741286,657.0,0.7444411407,676.0,0.47759962800000005,,,,,,,,,,,,,,,,,,,,,,,,,,,,,,
205,evo_metab__del_entC,-0.1468049078,0.31684605144936717,3.0,640.0,-0.2606013589,658.0,0.2112231836,677.0,-0.3910365481,,,,,,,,,,,,,,,,,,,,,,,,,,,,,,
206,evo_metab__entC_ale1,-0.16258551529999998,0.8221102501188823,3.0,641.0,-1.0247920897,659.0,-0.0754518934,678.0,0.6124874372,,,,,,,,,,,,,,,,,,,,,,,,,,,,,,
207,evo_metab__entC_ale2,-0.6392366832,0.7862479662232496,3.0,642.0,-1.1700914806,660.0,0.2640235717,679.0,-1.0116421407,,,,,,,,,,,,,,,,,,,,,,,,,,,,,,
208,evo_metab__del_dgk,-0.16498944636666668,0.35872435609003017,3.0,643.0,-0.0726581698,662.0,0.138543879,681.0,-0.5608540483000001,,,,,,,,,,,,,,,,,,,,,,,,,,,,,,
209,evo_metab__dgk_ale1,-0.6292182663333333,0.5748726651159319,3.0,644.0,-1.1143084435,663.0,0.0057477966000000005,682.0,-0.7790941521,,,,,,,,,,,,,,,,,,,,,,,,,,,,,,
210,evo_metab__dgk_ale2,-0.7501526720333334,0.9275630903970163,3.0,645.0,-0.5408096812000001,664.0,0.0548488072,683.0,-1.7644971421000002,,,,,,,,,,,,,,,,,,,,,,,,,,,,,,
211,evo_metab__dgk_ale3,-0.32314910583333334,0.48167226438957317,3.0,646.0,-0.6927699695,665.0,0.2215828218,684.0,-0.49826016980000004,,,,,,,,,,,,,,,,,,,,,,,,,,,,,,
212,evo_metab__entC_ale3,-0.8340778132500001,1.124183708033605,2.0,661.0,-0.03915989,680.0,-1.6289957365,,,,,,,,,,,,,,,,,,,,,,,,,,,,,,,,
213,flag_reg__wt,0.0,0.12573943096798507,2.0,685.0,0.0889112043,689.0,-0.0889112043,,,,,,,,,,,,,,,,,,,,,,,,,,,,,,,,
214,flag_reg__del_fliA,0.3177708923,0.2018866950483092,2.0,686.0,0.46052634340000004,690.0,0.1750154412,,,,,,,,,,,,,,,,,,,,,,,,,,,,,,,,
215,flag_reg__del_flhC,0.18621151955,0.8564106345208966,2.0,687.0,-0.4193622476,691.0,0.7917852867,,,,,,,,,,,,,,,,,,,,,,,,,,,,,,,,
216,flag_reg__del_flhD,-0.28952290270000003,0.21193639601154354,2.0,688.0,-0.4393845655,692.0,-0.1396612399,,,,,,,,,,,,,,,,,,,,,,,,,,,,,,,,
217,flgM__27C,-0.5638131218666667,0.10505691974981843,3.0,693.0,-0.4591876261,694.0,-0.5629555245,695.0,-0.669296215,,,,,,,,,,,,,,,,,,,,,,,,,,,,,,
218,flgM__32C,-0.5650001407666667,0.06999512020762398,3.0,696.0,-0.6018489484,697.0,-0.4842785389,698.0,-0.6088729350000001,,,,,,,,,,,,,,,,,,,,,,,,,,,,,,
219,flgM__37C,9.25185853854297e-18,0.3157572042632109,3.0,699.0,-0.2412265499,700.0,0.35738304870000004,701.0,-0.11615649880000001,,,,,,,,,,,,,,,,,,,,,,,,,,,,,,
220,flgM__42C,0.10170163053333332,1.1181169381795737,3.0,702.0,-0.9090134842,703.0,-0.08866109,704.0,1.3027794658,,,,,,,,,,,,,,,,,,,,,,,,,,,,,,
221,histone__untreated,-9.25185853854297e-18,0.19869396958554272,3.0,705.0,0.0455977225,706.0,-0.21752926290000002,707.0,0.1719315404,,,,,,,,,,,,,,,,,,,,,,,,,,,,,,
222,histone__10ug_H2A,0.0609656858,0.1458534246669552,3.0,708.0,0.0575337932,709.0,-0.0831415076,710.0,0.20850477180000002,,,,,,,,,,,,,,,,,,,,,,,,,,,,,,
223,histone__50ug_H2A,0.3368675565333334,0.07778639337705413,3.0,711.0,0.38966076860000004,712.0,0.24753939590000001,713.0,0.3734025051,,,,,,,,,,,,,,,,,,,,,,,,,,,,,,
224,histone__100ug_H2A,0.613929042,0.05253105635001623,3.0,714.0,0.6743959514,715.0,0.5878581024,716.0,0.5795330722,,,,,,,,,,,,,,,,,,,,,,,,,,,,,,
225,hns__del_hns_spike,0.30101449845000006,0.4899647366818256,2.0,717.0,0.6474718863000001,718.0,-0.0454428894,,,,,,,,,,,,,,,,,,,,,,,,,,,,,,,,
226,hns__del_hns,-0.37466160415000005,1.2266732329938823,2.0,719.0,0.4927273572,720.0,-1.2420505655,,,,,,,,,,,,,,,,,,,,,,,,,,,,,,,,
227,hns__wt_spike,0.6139120900499999,2.413412876604536,2.0,721.0,-1.0926285208,722.0,2.3204527008999998,,,,,,,,,,,,,,,,,,,,,,,,,,,,,,,,
228,hns__wt,0.0,0.41553572588703946,2.0,723.0,-0.2938281296,724.0,0.2938281296,,,,,,,,,,,,,,,,,,,,,,,,,,,,,,,,
229,hns_stpA__evo100G4_delhns_delstpA,0.743077652,0.10319437493946096,2.0,725.0,0.6701082097000001,726.0,0.8160470943,,,,,,,,,,,,,,,,,,,,,,,,,,,,,,,,
230,hns_stpA__evo100G12_delhns_delstpA,0.73713836935,0.029647208183779798,2.0,727.0,0.7581021113,728.0,0.7161746274,,,,,,,,,,,,,,,,,,,,,,,,,,,,,,,,
231,hns_stpA__delhns_delstpA_delrpoS,0.8791503136500001,0.37360241971757496,2.0,729.0,1.1433271181,730.0,0.6149735092,,,,,,,,,,,,,,,,,,,,,,,,,,,,,,,,
232,hns_stpA__wt,0.0,0.35566009051418285,2.0,731.0,0.2514896618,732.0,-0.2514896618,,,,,,,,,,,,,,,,,,,,,,,,,,,,,,,,
233,hns_stpA__delhns_delstpA,1.0373451120000001,0.5349575828777196,2.0,733.0,0.6590729775,734.0,1.4156172465,,,,,,,,,,,,,,,,,,,,,,,,,,,,,,,,
234,hu__wt_log_pH7,0.03367135523333334,0.8504377421573212,3.0,735.0,-0.8602964758,736.0,0.8325934629,737.0,0.1287170786,,,,,,,,,,,,,,,,,,,,,,,,,,,,,,
235,hu__wt_lag_pH7,-1.850371707708594e-17,0.33065300078224463,3.0,738.0,-0.11636646710000001,739.0,-0.2567382502,740.0,0.3731047173,,,,,,,,,,,,,,,,,,,,,,,,,,,,,,
236,hu__delhupA_lag_pH7,0.4214982936333333,0.8619713031713688,3.0,741.0,0.0404551851,742.0,-0.1842835739,743.0,1.4083232696999999,,,,,,,,,,,,,,,,,,,,,,,,,,,,,,
237,hu__delhupB_lag_pH7,0.3513870068666667,0.8086077080218825,3.0,744.0,-0.1254565742,745.0,-0.105397341,746.0,1.2850149358,,,,,,,,,,,,,,,,,,,,,,,,,,,,,,
238,hu__delhupAhupB_lag_pH7,1.1083038926666666,1.4275923395466703,3.0,747.0,0.5945084904,748.0,0.0087243174,749.0,2.7216788702,,,,,,,,,,,,,,,,,,,,,,,,,,,,,,
239,hu__hupAE34K_hupB_lag_pH7,0.7876569319666666,1.333511760142366,3.0,750.0,0.0079475387,751.0,0.0276013882,752.0,2.327421869,,,,,,,,,,,,,,,,,,,,,,,,,,,,,,
240,hu__hupAE34K_delhupB_lag_pH7,0.8888702229666667,1.5093828920340735,3.0,753.0,0.0463928908,754.0,-0.0112202423,755.0,2.6314380204,,,,,,,,,,,,,,,,,,,,,,,,,,,,,,
241,hu__wt_lag_pH5,1.2135151650999998,0.9970810327498009,3.0,756.0,0.2148724893,757.0,1.2166458235,758.0,2.2090271825,,,,,,,,,,,,,,,,,,,,,,,,,,,,,,
242,hu__delhupA_lag_pH5,0.8502654485666667,0.3165613124234214,3.0,759.0,0.48563358970000003,760.0,1.0103604386,761.0,1.0548023174,,,,,,,,,,,,,,,,,,,,,,,,,,,,,,
243,hu__delhupAhupB_lag_pH5,1.5154669359333333,0.7282611890396087,3.0,762.0,0.9330763622,763.0,1.2813239754,764.0,2.3320004702,,,,,,,,,,,,,,,,,,,,,,,,,,,,,,
244,hu__hupAE34K_hupB_lag_pH5,1.6675542864333333,1.090785206459118,3.0,765.0,0.4204519608,766.0,2.1382518962,767.0,2.4439590023,,,,,,,,,,,,,,,,,,,,,,,,,,,,,,
245,hu__hupAE34K_delhupB_lag_pH5,1.6736880618,0.6514148824969098,3.0,768.0,2.0504679483,769.0,0.9214993628,770.0,2.0490968743,,,,,,,,,,,,,,,,,,,,,,,,,,,,,,
246,hyperpersistence__low_GFP,-1.0014308379,0.9497950005132508,2.0,771.0,-1.6730373235,780.0,-0.3298243523,,,,,,,,,,,,,,,,,,,,,,,,,,,,,,,,
247,hyperpersistence__wt,0.0,0.049878753871963284,2.0,772.0,0.035269605100000004,779.0,-0.035269605100000004,,,,,,,,,,,,,,,,,,,,,,,,,,,,,,,,
248,hyperpersistence__high_GFP,-0.68877706335,0.690405560997168,2.0,773.0,-1.1769675173,778.0,-0.2005866094,,,,,,,,,,,,,,,,,,,,,,,,,,,,,,,,
249,hyperpersistence__pth_mut,-0.23865746805000002,0.11154372189395226,2.0,774.0,-0.3175307902,775.0,-0.1597841459,,,,,,,,,,,,,,,,,,,,,,,,,,,,,,,,
250,hyperpersistence__metG_mut,-0.1042665527,0.18872932865396044,2.0,776.0,0.029185235400000002,777.0,-0.2377183408,,,,,,,,,,,,,,,,,,,,,,,,,,,,,,,,
251,kan_efg__cpxAF218Y,0.0045557081,0.11735084588038833,2.0,781.0,-0.0784238708,782.0,0.087535287,,,,,,,,,,,,,,,,,,,,,,,,,,,,,,,,
252,kan_efg__cyaAN600Y,0.29116541125,0.09804392603004913,2.0,783.0,0.2218378863,784.0,0.3604929362,,,,,,,,,,,,,,,,,,,,,,,,,,,,,,,,
253,kan_efg__fusAA608E,0.4027639528,0.14909740240800526,2.0,785.0,0.2973361685,786.0,0.5081917371,,,,,,,,,,,,,,,,,,,,,,,,,,,,,,,,
254,kan_efg__fusAA608E_cpxAF218Y,-0.66895987425,0.04988022387625062,2.0,787.0,-0.6336892297000001,788.0,-0.7042305188,,,,,,,,,,,,,,,,,,,,,,,,,,,,,,,,
255,kan_efg__fusAA608E_cyaAN600Y,-0.0841759081,0.12432532771426982,2.0,789.0,-0.1720871904,790.0,0.0037353742,,,,,,,,,,,,,,,,,,,,,,,,,,,,,,,,
256,kan_efg__fusAA608E_rpoDL261Q,-0.15776208765000002,0.12890893677620152,2.0,791.0,-0.0666097043,792.0,-0.24891447100000003,,,,,,,,,,,,,,,,,,,,,,,,,,,,,,,,
257,kan_efg__fusAA608E_topAS180L,-0.21861666985,0.10109011234491598,2.0,793.0,-0.2900981738,794.0,-0.1471351659,,,,,,,,,,,,,,,,,,,,,,,,,,,,,,,,
258,kan_efg__rpoDL261Q,-0.214103761,0.032567102752652975,2.0,795.0,-0.19107534180000002,796.0,-0.23713218020000001,,,,,,,,,,,,,,,,,,,,,,,,,,,,,,,,
259,kan_efg__wt,0.0,0.0260449455301453,2.0,797.0,0.0184165576,798.0,-0.0184165576,,,,,,,,,,,,,,,,,,,,,,,,,,,,,,,,
260,lrp__wt_min_log,0.0,0.4081906853101626,2.0,799.0,-0.28863440160000003,800.0,0.28863440160000003,,,,,,,,,,,,,,,,,,,,,,,,,,,,,,,,
261,lrp__wt_min_trans,1.65728161955,0.3131054622025905,2.0,801.0,1.435882624,802.0,1.8786806151,,,,,,,,,,,,,,,,,,,,,,,,,,,,,,,,
262,lrp__wt_min_stat,2.7907090844,0.28049620676410153,2.0,803.0,2.5923683145,804.0,2.9890498543,,,,,,,,,,,,,,,,,,,,,,,,,,,,,,,,
263,lrp__wt_liv_log,-0.17500813885,0.15338470728282613,2.0,805.0,-0.2834675055,806.0,-0.06654877220000001,,,,,,,,,,,,,,,,,,,,,,,,,,,,,,,,
264,lrp__wt_liv_trans,0.95172025815,0.014439844902726663,2.0,807.0,0.9415097459,808.0,0.9619307704000001,,,,,,,,,,,,,,,,,,,,,,,,,,,,,,,,
265,lrp__wt_liv_stat,2.27701752805,0.47707026268922714,2.0,809.0,1.9396779102,810.0,2.6143571459,,,,,,,,,,,,,,,,,,,,,,,,,,,,,,,,
266,lrp__wt_rich_log,-0.41786947155,0.30728278575605567,2.0,811.0,-0.20058773,812.0,-0.6351512131,,,,,,,,,,,,,,,,,,,,,,,,,,,,,,,,
267,lrp__wt_rich_trans,0.73007927605,0.6578703309412555,2.0,813.0,0.26489470390000003,814.0,1.1952638482,,,,,,,,,,,,,,,,,,,,,,,,,,,,,,,,
268,lrp__wt_rich_stat,1.15140325675,0.18898079470510143,2.0,815.0,1.0177736553,816.0,1.2850328582000001,,,,,,,,,,,,,,,,,,,,,,,,,,,,,,,,
269,lrp__dellrp_min_log,-0.247107953,0.34100435297110593,2.0,817.0,-0.0059814626,818.0,-0.4882344434,,,,,,,,,,,,,,,,,,,,,,,,,,,,,,,,
270,lrp__dellrp_min_trans,0.15859720345,0.22371519133864237,2.0,819.0,0.00040667460000000003,820.0,0.3167877323,,,,,,,,,,,,,,,,,,,,,,,,,,,,,,,,
271,lrp__dellrp_min_stat,2.18384923035,0.003275104003548119,2.0,821.0,2.1815333821,822.0,2.1861650786,,,,,,,,,,,,,,,,,,,,,,,,,,,,,,,,
272,lrp__dellrp_liv_log,0.23316870409999998,0.3299504834453688,2.0,823.0,0.4664789284,824.0,-0.0001415202,,,,,,,,,,,,,,,,,,,,,,,,,,,,,,,,
273,lrp__dellrp_liv_trans,0.8584706258000001,0.09647411354976522,2.0,825.0,0.7902531259000001,826.0,0.9266881257,,,,,,,,,,,,,,,,,,,,,,,,,,,,,,,,
274,lrp__dellrp_liv_stat,3.0024221086500003,0.1846454344998777,2.0,827.0,2.8718580698,828.0,3.1329861475,,,,,,,,,,,,,,,,,,,,,,,,,,,,,,,,
275,lrp__dellrp_rich_log,-0.3486922389,0.08019385587682555,2.0,829.0,-0.2919866196,830.0,-0.4053978582,,,,,,,,,,,,,,,,,,,,,,,,,,,,,,,,
276,lrp__dellrp_rich_trans,0.9065547025,0.8110157524408002,2.0,831.0,0.33307996430000003,832.0,1.4800294407,,,,,,,,,,,,,,,,,,,,,,,,,,,,,,,,
277,lrp__dellrp_rich_stat,3.7304299571,0.3666902585277214,2.0,833.0,3.4711407887,834.0,3.9897191255,,,,,,,,,,,,,,,,,,,,,,,,,,,,,,,,
278,mazF_circuit__t0,0.0,0.18261076323341668,2.0,835.0,-0.12912530900000002,840.0,0.12912530900000002,,,,,,,,,,,,,,,,,,,,,,,,,,,,,,,,
279,mazF_circuit__t2,0.11001408665,0.17207228976906155,2.0,836.0,-0.011659396300000001,841.0,0.2316875696,,,,,,,,,,,,,,,,,,,,,,,,,,,,,,,,
280,mazF_circuit__t4,-0.55303580375,0.22806633657138528,2.0,837.0,-0.7143030569000001,842.0,-0.3917685506,,,,,,,,,,,,,,,,,,,,,,,,,,,,,,,,
281,mazF_circuit__t6,-0.1612156261,0.23520773711279483,2.0,838.0,-0.327532612,843.0,0.0051013598,,,,,,,,,,,,,,,,,,,,,,,,,,,,,,,,
282,mazF_circuit__t8,-0.160800593,0.012719660791411888,2.0,839.0,-0.1518064346,844.0,-0.1697947514,,,,,,,,,,,,,,,,,,,,,,,,,,,,,,,,
283,mazF_ribo__emptyvec_mrna_5m,0.0,0.13249705573857734,2.0,845.0,-0.09368956660000001,846.0,0.09368956660000001,,,,,,,,,,,,,,,,,,,,,,,,,,,,,,,,
284,mazF_ribo__mazF_mrna_5m,0.7329801736,0.01894565157120975,2.0,847.0,0.7463767723,848.0,0.7195835749,,,,,,,,,,,,,,,,,,,,,,,,,,,,,,,,
285,mazF_ribo__emptyvec_total_5m,0.5600158477,0.03997866171296425,2.0,849.0,0.5317466649,850.0,0.5882850305,,,,,,,,,,,,,,,,,,,,,,,,,,,,,,,,
286,mazF_ribo__mazF_total_60m,0.21090897800000002,0.045791411794504785,2.0,851.0,0.2432883958,852.0,0.17852956020000002,,,,,,,,,,,,,,,,,,,,,,,,,,,,,,,,
287,mercury__ctrl_t00,2.3129646346357427e-18,0.16208753517651048,3.0,853.0,-0.142797278,863.0,0.1761797065,873.0,-0.0333824285,,,,,,,,,,,,,,,,,,,,,,,,,,,,,,
288,mercury__ctrl_t10,-0.2375406553666667,0.03369826624092185,3.0,854.0,-0.26107480040000003,864.0,-0.2526097741,874.0,-0.1989373916,,,,,,,,,,,,,,,,,,,,,,,,,,,,,,
289,mercury__ctrl_t30,0.9302754517666667,0.4229245688354475,3.0,855.0,0.5846560491,865.0,0.8042949051,875.0,1.4018754011,,,,,,,,,,,,,,,,,,,,,,,,,,,,,,
290,mercury__ctrl_t60,0.5241324166333333,0.2727167539807736,3.0,856.0,0.5481551826000001,866.0,0.7840430959,876.0,0.24019897140000002,,,,,,,,,,,,,,,,,,,,,,,,,,,,,,
291,mercury__hg_t10,4.028504894566667,0.06398043049924466,3.0,857.0,4.0787961056,867.0,4.0502270931,877.0,3.956491485,,,,,,,,,,,,,,,,,,,,,,,,,,,,,,
292,mercury__hg_t30,3.0803051655666667,0.5941904786144654,3.0,858.0,3.0156546783,868.0,2.5210836564,878.0,3.704177162,,,,,,,,,,,,,,,,,,,,,,,,,,,,,,
293,mercury__hg_t60,1.8368665201333334,0.7877069317944274,3.0,859.0,1.9718021166000002,869.0,0.9904080294000001,879.0,2.5483894144,,,,,,,,,,,,,,,,,,,,,,,,,,,,,,
294,mercury__pma_t10,-0.47462498313333334,0.18350694640523552,3.0,860.0,-0.4530417894,870.0,-0.3028640569,880.0,-0.6679691031,,,,,,,,,,,,,,,,,,,,,,,,,,,,,,
295,mercury__pma_t30,0.5742226400333333,0.23870247638400913,3.0,861.0,0.6429281221,871.0,0.7710376731,881.0,0.3087021249,,,,,,,,,,,,,,,,,,,,,,,,,,,,,,
296,mercury__pma_t60,1.2303953926666669,0.3636149927143137,3.0,862.0,0.8139784983,872.0,1.4851182515,882.0,1.3920894282,,,,,,,,,,,,,,,,,,,,,,,,,,,,,,
297,ml_abx__az_lolcde,0.16954318163333335,0.2282970157466217,3.0,883.0,0.171306867,884.0,0.3969532452,885.0,-0.0596305673,,,,,,,,,,,,,,,,,,,,,,,,,,,,,,
298,ml_abx__b01,0.16980123953333337,0.5395481815596082,3.0,886.0,0.4681545133,887.0,0.49428189780000004,888.0,-0.4530326925,,,,,,,,,,,,,,,,,,,,,,,,,,,,,,
299,ml_abx__cro,0.06918211976666666,0.5896685692921345,3.0,889.0,-0.28431124220000004,890.0,0.7499038536,891.0,-0.2580462521,,,,,,,,,,,,,,,,,,,,,,,,,,,,,,
300,ml_abx__chl,-4.657599716166667,0.04560954861460762,3.0,892.0,-4.6275501527,893.0,-4.7100811225,894.0,-4.6351678733,,,,,,,,,,,,,,,,,,,,,,,,,,,,,,
301,ml_abx__cip,-0.09129363343333334,1.0431392530957861,3.0,895.0,0.56628595,896.0,0.4538910138,897.0,-1.2940578641,,,,,,,,,,,,,,,,,,,,,,,,,,,,,,
302,ml_abx__clr,-4.1527592773,0.3286897780044101,3.0,898.0,-3.8092067755,899.0,-4.1848368201,900.0,-4.4642342363,,,,,,,,,,,,,,,,,,,,,,,,,,,,,,
303,ml_abx__cst,0.6452250841333332,0.19779345492475975,3.0,901.0,0.4977099935,902.0,0.8699850279,903.0,0.5679802310000001,,,,,,,,,,,,,,,,,,,,,,,,,,,,,,
304,ml_abx__ctrl,1.214306433183765e-17,0.7780976065313147,6.0,904.0,-0.6656919958,905.0,-1.0612267476,906.0,0.9606035037,907.0,0.7292311963,908.0,0.054642861300000005,909.0,-0.0175588179,,,,,,,,,,,,,,,,,,,,,,,,
305,ml_abx__dox,-4.7309648395999995,0.11579129655854246,3.0,910.0,-4.7037624465,911.0,-4.6311965221,912.0,-4.8579355502,,,,,,,,,,,,,,,,,,,,,,,,,,,,,,
306,ml_abx__glob,0.3115809792,0.6281546011789592,3.0,913.0,0.7848425981,914.0,0.5509709498,915.0,-0.4010706103,,,,,,,,,,,,,,,,,,,,,,,,,,,,,,
307,ml_abx__lvx,0.5788305731666666,0.5869759237246681,3.0,916.0,0.15804488800000002,917.0,1.249381313,918.0,0.3290655185,,,,,,,,,,,,,,,,,,,,,,,,,,,,,,
308,ml_abx__mec,-0.002811508799999992,0.6817599033124501,3.0,919.0,-0.026207692,920.0,0.6903453341,921.0,-0.6725721685,,,,,,,,,,,,,,,,,,,,,,,,,,,,,,
309,ml_abx__mem,-0.09382428336666669,0.9165225168047819,3.0,922.0,-1.0689173994,923.0,0.749964587,924.0,0.0374799623,,,,,,,,,,,,,,,,,,,,,,,,,,,,,,
310,ml_abx__nit,0.8894358435666666,0.4426869349875899,3.0,925.0,0.4087715719,926.0,1.2804103236,927.0,0.9791256352000001,,,,,,,,,,,,,,,,,,,,,,,,,,,,,,
311,ml_abx__ntx,1.88752472945,0.7718786734503226,2.0,928.0,1.3417240852,929.0,2.4333253737,,,,,,,,,,,,,,,,,,,,,,,,,,,,,,,,
312,ml_abx__nor,0.5521250758666667,0.6816637296168703,3.0,930.0,1.0202210587,931.0,0.8661008553,932.0,-0.22994668640000002,,,,,,,,,,,,,,,,,,,,,,,,,,,,,,
313,ml_abx__pb,0.9994316865666667,0.18237920043667238,3.0,933.0,1.1394010094,934.0,0.7931803225,935.0,1.0657137278,,,,,,,,,,,,,,,,,,,,,,,,,,,,,,
314,ml_abx__tmp,-2.8029833368,1.4738646520187242,3.0,936.0,-1.1684885403,937.0,-3.2096249842,938.0,-4.0308364859,,,,,,,,,,,,,,,,,,,,,,,,,,,,,,
315,mut_abx__del_mutS_000nor,-2.8912057932946786e-18,0.14528864755239967,3.0,939.0,0.1469506304,940.0,-0.1435675778,941.0,-0.0033830526000000003,,,,,,,,,,,,,,,,,,,,,,,,,,,,,,
316,mut_abx__del_mutS_125nor,0.10694764243333332,0.1595960323073921,3.0,942.0,0.2900576606,943.0,-0.0026055461000000003,944.0,0.0333908128,,,,,,,,,,,,,,,,,,,,,,,,,,,,,,
317,mut_abx__del_mutS_250nor,0.22432898309999996,0.22593730164687065,3.0,945.0,0.4510973348,946.0,0.2226576099,947.0,-0.0007679954000000001,,,,,,,,,,,,,,,,,,,,,,,,,,,,,,
318,mut_abx__del_mutS_375nor,0.21787335910000002,0.04789991976491433,3.0,948.0,0.2382124375,949.0,0.1631600916,950.0,0.2522475482,,,,,,,,,,,,,,,,,,,,,,,,,,,,,,
319,mut_abx__del_mutS_500nor,0.16545216536666668,0.09747794811916857,3.0,951.0,0.1299278016,952.0,0.0907185903,953.0,0.27571010420000003,,,,,,,,,,,,,,,,,,,,,,,,,,,,,,
320,mut_abx__del_mutS_625nor,0.07029128993333333,0.029533166511441753,3.0,954.0,0.0378426028,955.0,0.0955996828,956.0,0.0774315842,,,,,,,,,,,,,,,,,,,,,,,,,,,,,,
321,mut_abx__del_mutS_750nor,0.1989790851666667,0.05527279112606149,3.0,957.0,0.14017383960000002,958.0,0.20689825480000001,959.0,0.2498651611,,,,,,,,,,,,,,,,,,,,,,,,,,,,,,
322,mut_abx__del_mutS_875nor,-0.14129914696666668,0.273433423574664,3.0,960.0,-0.42830778880000003,961.0,0.1161585274,962.0,-0.1117481795,,,,,,,,,,,,,,,,,,,,,,,,,,,,,,
323,nit_yeaG__wt_Nminus,0.0,0.26298514644132764,2.0,963.0,-0.18595858040000002,964.0,0.18595858040000002,,,,,,,,,,,,,,,,,,,,,,,,,,,,,,,,
324,nit_yeaG__wt_Nplus,0.22432972695,0.7356603125444563,2.0,965.0,0.7445201226,966.0,-0.2958606687,,,,,,,,,,,,,,,,,,,,,,,,,,,,,,,,
325,nit_yeaG__del_yeaG_Nminus_24h,1.7523364565333335,0.7021920018969076,3.0,967.0,1.3283778861,968.0,2.562870631,969.0,1.3657608525,,,,,,,,,,,,,,,,,,,,,,,,,,,,,,
326,nit_yeaG__del_yeaG_Nminus,0.0600599976,0.34095126678808696,2.0,970.0,-0.1810289552,971.0,0.3011489504,,,,,,,,,,,,,,,,,,,,,,,,,,,,,,,,
327,nit_yeaG__del_yeaG_Nplus,0.29635725185,0.6239790373804919,2.0,972.0,0.7375770605,973.0,-0.14486255680000001,,,,,,,,,,,,,,,,,,,,,,,,,,,,,,,,
328,opex__amp,-0.0352544463,0.14300178816454015,3.0,974.0,-0.1121144303,975.0,0.12974141220000002,976.0,-0.12339032080000001,,,,,,,,,,,,,,,,,,,,,,,,,,,,,,
329,opex__bak_amp,-0.4982950343666666,0.3689257596532267,3.0,977.0,-0.7953584876,978.0,-0.6141894689,979.0,-0.0853371466,,,,,,,,,,,,,,,,,,,,,,,,,,,,,,
330,opex__bak_kan,0.2320038874666667,0.6252892932762583,3.0,980.0,0.539620469,981.0,-0.48750373100000005,982.0,0.6438949244000001,,,,,,,,,,,,,,,,,,,,,,,,,,,,,,
331,opex__bak_nor,-0.22285530733333334,0.2361980711856806,3.0,983.0,-0.3423429884,984.0,-0.3754356279,985.0,0.0492126943,,,,,,,,,,,,,,,,,,,,,,,,,,,,,,
332,opex__bak_rif,-0.1603028072,0.11222795175940695,3.0,986.0,-0.1884105289,987.0,-0.0366926588,988.0,-0.2558052339,,,,,,,,,,,,,,,,,,,,,,,,,,,,,,
333,opex__chx_amp,0.15306856786666667,0.08643280151023441,3.0,989.0,0.06316811580000001,990.0,0.2355562514,991.0,0.1604813364,,,,,,,,,,,,,,,,,,,,,,,,,,,,,,
334,opex__chx_kan,0.35302122629999994,0.4228908386454239,3.0,992.0,-0.13139835860000001,993.0,0.5419402059,994.0,0.6485218316,,,,,,,,,,,,,,,,,,,,,,,,,,,,,,
335,opex__chx_nor,-0.12679154883333335,0.3872859078264519,3.0,995.0,0.09018391070000001,996.0,0.10336745750000001,997.0,-0.5739260147,,,,,,,,,,,,,,,,,,,,,,,,,,,,,,
336,opex__chx_rif,0.5957264408,0.18616208841135976,3.0,998.0,0.3878488235,999.0,0.6522680414,1000.0,0.7470624575,,,,,,,,,,,,,,,,,,,,,,,,,,,,,,
337,opex__ctrl,0.0,0.10742794367109308,3.0,1001.0,-0.0465484388,1002.0,-0.0763033645,1003.0,0.1228518033,,,,,,,,,,,,,,,,,,,,,,,,,,,,,,
338,opex__etoh_amp,0.5085529176,0.1299659412042367,3.0,1004.0,0.4390348967,1005.0,0.6584925664,1006.0,0.42813128970000003,,,,,,,,,,,,,,,,,,,,,,,,,,,,,,
339,opex__etoh_kan,1.2208345988333333,0.13645116638933283,3.0,1007.0,1.2186923526,1008.0,1.3583442755,1009.0,1.0854671684,,,,,,,,,,,,,,,,,,,,,,,,,,,,,,
340,opex__etoh_nor,0.7787732204666667,0.13254900604772465,3.0,1010.0,0.9313620840000001,1011.0,0.6921483459000001,1012.0,0.7128092315,,,,,,,,,,,,,,,,,,,,,,,,,,,,,,
341,opex__etoh_rif,0.9970301206333333,0.2246928204880709,3.0,1013.0,0.8904326534,1014.0,1.2551814807000001,1015.0,0.8454762278,,,,,,,,,,,,,,,,,,,,,,,,,,,,,,
342,opex__glual_amp,-0.34025691603333336,0.050387854125275466,3.0,1016.0,-0.380550272,1017.0,-0.28376096100000003,1018.0,-0.3564595151,,,,,,,,,,,,,,,,,,,,,,,,,,,,,,
343,opex__glual_kan,0.10092794963333335,0.056614249840628385,3.0,1019.0,0.0441667821,1020.0,0.15739412900000002,1021.0,0.10122293780000001,,,,,,,,,,,,,,,,,,,,,,,,,,,,,,
344,opex__glual_nor,-0.22171147260000001,0.09273917765732038,3.0,1022.0,-0.16297374450000002,1023.0,-0.17353702910000002,1024.0,-0.3286236442,,,,,,,,,,,,,,,,,,,,,,,,,,,,,,
345,opex__glual_rif,0.005306186666666666,0.07695126679202458,3.0,1025.0,0.0444041595,1026.0,0.0548586391,1027.0,-0.08334423860000001,,,,,,,,,,,,,,,,,,,,,,,,,,,,,,
346,opex__h2o2_amp,-0.5126600022666666,0.025535240489078466,3.0,1028.0,-0.520644038,1029.0,-0.484086693,1030.0,-0.5332492758,,,,,,,,,,,,,,,,,,,,,,,,,,,,,,
347,opex__h2o2_kan,0.9083113335666667,0.057620884069919914,3.0,1031.0,0.9728658824,1032.0,0.8899875157,1033.0,0.8620806026000001,,,,,,,,,,,,,,,,,,,,,,,,,,,,,,
348,opex__h2o2_nor,-0.40210983866666666,0.16028913615281037,3.0,1034.0,-0.4238044288,1035.0,-0.5504467631000001,1036.0,-0.2320783241,,,,,,,,,,,,,,,,,,,,,,,,,,,,,,
349,opex__h2o2_rif,0.2330656735,0.14878683018162542,3.0,1037.0,0.0635663852,1038.0,0.29352510800000003,1039.0,0.3421055273,,,,,,,,,,,,,,,,,,,,,,,,,,,,,,
350,opex__ippoh_amp,1.1689026276999999,0.07577226255502059,3.0,1040.0,1.083155199,1041.0,1.1967108309,1042.0,1.2268418532,,,,,,,,,,,,,,,,,,,,,,,,,,,,,,
351,opex__ippoh_kan,2.0053617344666668,0.20942140048726982,3.0,1043.0,2.0138065065,1044.0,2.2104330114,1045.0,1.7918456855,,,,,,,,,,,,,,,,,,,,,,,,,,,,,,
352,opex__ippoh_nor,1.2238129449333335,0.19784609440727066,3.0,1046.0,1.3874969419,1047.0,1.2799881154000001,1048.0,1.0039537775,,,,,,,,,,,,,,,,,,,,,,,,,,,,,,
353,opex__ippoh_rif,1.4842817553666665,0.15954141502953176,3.0,1049.0,1.3823995492,1050.0,1.6681456749999999,1051.0,1.4023000419,,,,,,,,,,,,,,,,,,,,,,,,,,,,,,
354,opex__kan,1.0607889081333333,0.10079094661577624,3.0,1052.0,0.958608753,1053.0,1.0636272827,1054.0,1.1601306887,,,,,,,,,,,,,,,,,,,,,,,,,,,,,,
355,opex__nor,0.19086118503333335,0.07511829660554327,3.0,1055.0,0.10674003330000001,1056.0,0.2146055834,1057.0,0.2512379384,,,,,,,,,,,,,,,,,,,,,,,,,,,,,,
356,opex__paa_amp,-0.06750255296666667,0.07768985367266436,3.0,1058.0,-0.018715137200000002,1059.0,-0.1570925369,1060.0,-0.0266999848,,,,,,,,,,,,,,,,,,,,,,,,,,,,,,
357,opex__paa_kan,0.06358888983333333,0.144319853153153,3.0,1061.0,0.0209859414,1062.0,-0.0546336898,1063.0,0.2244144179,,,,,,,,,,,,,,,,,,,,,,,,,,,,,,
358,opex__paa_nor,-0.06548140173333335,0.09712738789809909,3.0,1064.0,-0.0864882542,1065.0,0.0404304287,1066.0,-0.15038637970000002,,,,,,,,,,,,,,,,,,,,,,,,,,,,,,
359,opex__paa_rif,0.3562338662666667,0.13346406577544903,3.0,1067.0,0.27881063170000003,1068.0,0.2795466581,1069.0,0.510344309,,,,,,,,,,,,,,,,,,,,,,,,,,,,,,
360,opex__phenol_amp,-0.09593520893333334,0.05685948590600476,3.0,1070.0,-0.0623137047,1071.0,-0.1615844395,1072.0,-0.0639074826,,,,,,,,,,,,,,,,,,,,,,,,,,,,,,
361,opex__phenol_kan,0.7285741152666668,0.15457993363257957,3.0,1073.0,0.6058774886,1074.0,0.6776544045,1075.0,0.9021904527,,,,,,,,,,,,,,,,,,,,,,,,,,,,,,
362,opex__phenol_nor,-0.10336255553333333,0.13329408296638812,3.0,1076.0,-0.16223066790000001,1077.0,0.049230834700000004,1078.0,-0.1970878334,,,,,,,,,,,,,,,,,,,,,,,,,,,,,,
363,opex__phenol_rif,0.2719080500666667,0.16590124174758591,3.0,1079.0,0.43029216880000004,1080.0,0.28603841680000003,1081.0,0.0993935646,,,,,,,,,,,,,,,,,,,,,,,,,,,,,,
364,opex__pvpi_amp,-0.0943452864,0.06320081754592465,3.0,1082.0,-0.028687790600000002,1083.0,-0.09958484670000001,1084.0,-0.1547632219,,,,,,,,,,,,,,,,,,,,,,,,,,,,,,
365,opex__pvpi_kan,1.1229168613666667,0.010855024677249988,3.0,1085.0,1.1320793589,1086.0,1.125742909,1087.0,1.1109283162,,,,,,,,,,,,,,,,,,,,,,,,,,,,,,
366,opex__pvpi_nor,0.05282101036666667,0.16471915476115553,3.0,1088.0,-0.076071657,1089.0,-0.0038623805,1090.0,0.2383970686,,,,,,,,,,,,,,,,,,,,,,,,,,,,,,
367,opex__pvpi_rif,0.3521231435666667,0.04881249874266841,3.0,1091.0,0.3935218474,1092.0,0.2982987177,1093.0,0.3645488656,,,,,,,,,,,,,,,,,,,,,,,,,,,,,,
368,opex__rif,0.3623902228,0.16786347686151945,3.0,1094.0,0.3602542567,1095.0,0.5313114903,1096.0,0.19560492140000002,,,,,,,,,,,,,,,,,,,,,,,,,,,,,,
369,opex__naocl_amp,0.4967654563333334,0.024610957554358156,3.0,1097.0,0.4705301196,1098.0,0.5004237610000001,1099.0,0.5193424884,,,,,,,,,,,,,,,,,,,,,,,,,,,,,,
370,opex__naocl_kan,1.6382292929666666,0.03291715895847968,3.0,1100.0,1.6760406222,1101.0,1.6159670095,1102.0,1.6226802472,,,,,,,,,,,,,,,,,,,,,,,,,,,,,,
371,opex__naocl_nor,0.46665462430000004,0.05625505193808185,3.0,1103.0,0.4799734264,1104.0,0.5150550816,1105.0,0.40493536490000004,,,,,,,,,,,,,,,,,,,,,,,,,,,,,,
372,opex__naocl_rif,0.5284125737,0.01723798184814186,3.0,1106.0,0.5482687389,1107.0,0.5196876311,1108.0,0.5172813511000001,,,,,,,,,,,,,,,,,,,,,,,,,,,,,,
373,phage_lysogen__wt_ctrl,-3.33333360913457e-11,0.707046467187898,3.0,1109.0,-0.3980972734,1110.0,-0.4182467768,1111.0,0.8163440501,,,,,,,,,,,,,,,,,,,,,,,,,,,,,,
374,phage_lysogen__O104_H4,0.10682581856666666,0.30775958385875424,3.0,1112.0,-0.1629887184,1113.0,0.0414431767,1114.0,0.4420229974,,,,,,,,,,,,,,,,,,,,,,,,,,,,,,
375,phage_lysogen__O157_H7_PA8,-0.01678776383333334,0.5096149415459131,3.0,1115.0,-0.5823708839,1116.0,0.4066956203,1117.0,0.1253119721,,,,,,,,,,,,,,,,,,,,,,,,,,,,,,
376,phage_resist__ygbE_oe,2.33662802515,0.9392976422689988,4.0,1118.0,3.696205453,1123.0,1.5676118471,1124.0,1.9136324383,1125.0,2.1690623622,,,,,,,,,,,,,,,,,,,,,,,,,,,,
377,phage_resist__wt,-2.7755575615628914e-17,1.0626903662519882,4.0,1119.0,-1.5806586486,1120.0,0.3355611792,1121.0,0.5932611858,1122.0,0.6518362836,,,,,,,,,,,,,,,,,,,,,,,,,,,,
378,phage_resist__yahA_oe,0.3778231203333333,0.07450056600568396,3.0,1126.0,0.29414995310000003,1127.0,0.40235550940000003,1128.0,0.4369638985,,,,,,,,,,,,,,,,,,,,,,,,,,,,,,
379,phage_resist__yrfF_ko,0.1378016142,0.2562895099109374,3.0,1129.0,-0.1019610752,1130.0,0.40791512080000003,1131.0,0.107450797,,,,,,,,,,,,,,,,,,,,,,,,,,,,,,
380,pollution__wt_ctrl,-1.850371707708594e-17,0.6910293066548465,3.0,1132.0,-0.3577688842,1133.0,0.7965595766,1134.0,-0.4387906924,,,,,,,,,,,,,,,,,,,,,,,,,,,,,,
381,pollution__wt_urban,-0.8125797838000001,0.45668207963425345,3.0,1135.0,-1.2811103237,1136.0,-0.7878804265,1137.0,-0.3687486012,,,,,,,,,,,,,,,,,,,,,,,,,,,,,,
382,pollution__wt_diesel,-0.7801376718333333,0.3805293560475878,3.0,1138.0,-1.1754349157,1139.0,-0.41633352770000004,1140.0,-0.7486445721,,,,,,,,,,,,,,,,,,,,,,,,,,,,,,
383,pollution__evo_diesel,-0.9599347560666667,0.4780450414848769,3.0,1141.0,-1.3751911639,1142.0,-0.43734838270000004,1143.0,-1.0672647216,,,,,,,,,,,,,,,,,,,,,,,,,,,,,,
384,ppGpp__wt_relAtrunc_00m,-0.021190972700000005,0.4404371901544015,3.0,1144.0,-0.4173827109,1145.0,0.4530552149,1171.0,-0.09924542210000001,,,,,,,,,,,,,,,,,,,,,,,,,,,,,,
385,ppGpp__mut_delrelA_10m,1.5061963108666667,0.25665775651999523,3.0,1146.0,1.5634153167,1148.0,1.7294155057,1149.0,1.2257581102,,,,,,,,,,,,,,,,,,,,,,,,,,,,,,
386,ppGpp__mut_delrelA_05m,0.6855831330666667,0.10390334745721612,3.0,1147.0,0.7030937586,1152.0,0.5740370663000001,1153.0,0.7796185743,,,,,,,,,,,,,,,,,,,,,,,,,,,,,,
387,ppGpp__mut_delrelA_00m,0.8476739343666667,0.27879404668111396,3.0,1150.0,0.5274942983,1151.0,0.9787832253000001,1154.0,1.0367442795,,,,,,,,,,,,,,,,,,,,,,,,,,,,,,
388,ppGpp__wt_delrelA_10m,3.0341870636999997,0.06045724278010437,3.0,1155.0,3.1025717668,1158.0,2.9878403923,1159.0,3.012149032,,,,,,,,,,,,,,,,,,,,,,,,,,,,,,
389,ppGpp__wt_delrelA_05m,0.9788220202333333,0.06471843063519489,3.0,1156.0,1.0254171121,1157.0,0.9049265660000001,1162.0,1.0061223826,,,,,,,,,,,,,,,,,,,,,,,,,,,,,,
390,ppGpp__wt_delrelA_00m,0.0,0.06205265871057786,3.0,1160.0,-0.0716519064,1161.0,0.035637048500000004,1163.0,0.0360148579,,,,,,,,,,,,,,,,,,,,,,,,,,,,,,
391,ppGpp__mut_relAtrunc_10m,1.5864169664666667,0.13050006498599925,3.0,1164.0,1.5818959543000002,1177.0,1.71911879,1179.0,1.4582361551,,,,,,,,,,,,,,,,,,,,,,,,,,,,,,
392,ppGpp__mut_relAtrunc_05m,0.8261610360999999,0.21274212769626233,3.0,1165.0,0.6835504765,1166.0,0.72424425,1178.0,1.0706883818,,,,,,,,,,,,,,,,,,,,,,,,,,,,,,
393,ppGpp__wt_relAtrunc_10m,0.5887878273333333,0.05270191929525587,3.0,1167.0,0.5360168188000001,1168.0,0.5889262786,1169.0,0.6414203846000001,,,,,,,,,,,,,,,,,,,,,,,,,,,,,,
394,ppGpp__mut_relAtrunc_00m,0.6767921586666668,0.006343685114717351,3.0,1170.0,0.6695526856,1175.0,0.6813787784,1176.0,0.6794450120000001,,,,,,,,,,,,,,,,,,,,,,,,,,,,,,
395,ppGpp__wt_relAtrunc_05m,0.43567326116666666,0.19642822319140202,3.0,1172.0,0.4404702044,1173.0,0.6296590783,1174.0,0.23689050080000001,,,,,,,,,,,,,,,,,,,,,,,,,,,,,,
396,pressure__high_pressure,-0.60685532555,0.29914132529609544,2.0,1180.0,-0.8183801852,1181.0,-0.39533046590000004,,,,,,,,,,,,,,,,,,,,,,,,,,,,,,,,
397,pressure__low_pressure,0.0,0.05362853406152773,2.0,1182.0,-0.0379211001,1183.0,0.0379211001,,,,,,,,,,,,,,,,,,,,,,,,,,,,,,,,
398,quantum_dots__ctrl,0.0,0.05946881605270059,2.0,1184.0,-0.0420508031,1185.0,0.0420508031,,,,,,,,,,,,,,,,,,,,,,,,,,,,,,,,
399,quantum_dots__cdte_light,0.5855756479500001,0.21758069621653206,2.0,1186.0,0.4317228622,1187.0,0.7394284337,,,,,,,,,,,,,,,,,,,,,,,,,,,,,,,,
400,quantum_dots__cdte_dark,0.17939516555,0.11835317151048719,2.0,1188.0,0.09570683540000001,1189.0,0.2630834957,,,,,,,,,,,,,,,,,,,,,,,,,,,,,,,,
401,quantum_dots__cdse_light,-0.1939002055,0.1673644209738933,2.0,1190.0,-0.3122447225,1191.0,-0.07555568850000001,,,,,,,,,,,,,,,,,,,,,,,,,,,,,,,,
402,quantum_dots__cdse_dark,0.36082140085000003,0.12010128542041998,2.0,1192.0,0.27589696750000003,1193.0,0.4457458342,,,,,,,,,,,,,,,,,,,,,,,,,,,,,,,,
403,raman__wt,3.3333345343204236e-11,0.4972926328296154,3.0,1194.0,0.5511610432,1199.0,-0.4151014556,1204.0,-0.1360595875,,,,,,,,,,,,,,,,,,,,,,,,,,,,,,
404,raman__del_cyaA,1.4367880122333334,0.11649066350642591,3.0,1195.0,1.5174125897000001,1200.0,1.4897218108999999,1205.0,1.3032296361,,,,,,,,,,,,,,,,,,,,,,,,,,,,,,
405,raman__del_cyaA_01mM,1.1482759870666666,0.11932104421124264,3.0,1196.0,1.2839179978,1201.0,1.0595158966,1206.0,1.1013940668,,,,,,,,,,,,,,,,,,,,,,,,,,,,,,
406,raman__del_cyaA_05mM,0.7805759996666667,0.10485045561806644,3.0,1197.0,0.8941523084,1202.0,0.6874707059,1207.0,0.7601049847,,,,,,,,,,,,,,,,,,,,,,,,,,,,,,
407,raman__del_cyaA_1mM,-0.5040337666666667,0.18893807668658905,3.0,1198.0,-0.5073055009,1203.0,-0.6913147295000001,1208.0,-0.3134810696,,,,,,,,,,,,,,,,,,,,,,,,,,,,,,
408,rand_barrel__mut_nanE,0.21511106423333337,1.2153312202229651,3.0,1209.0,-0.5396480011,1210.0,-0.4320990965,1211.0,1.6170802903000001,,,,,,,,,,,,,,,,,,,,,,,,,,,,,,
409,rand_barrel__mut_pdxJ_1,-0.5146351804,1.2625924730538893,3.0,1212.0,-1.5376794138,1213.0,-0.9026546833,1214.0,0.8964285559,,,,,,,,,,,,,,,,,,,,,,,,,,,,,,
410,rand_barrel__mut_pdxJ_2,-0.98580851285,0.17550724112948304,2.0,1215.0,-1.1099108732,1216.0,-0.8617061525,,,,,,,,,,,,,,,,,,,,,,,,,,,,,,,,
411,rand_barrel__mut_pdxJ_3,-0.87315422315,0.0538376956110066,2.0,1217.0,-0.9112232228,1218.0,-0.8350852235,,,,,,,,,,,,,,,,,,,,,,,,,,,,,,,,
412,rand_barrel__del_serB,0.0,0.07543051773665373,2.0,1219.0,0.0533374306,1220.0,-0.0533374306,,,,,,,,,,,,,,,,,,,,,,,,,,,,,,,,
413,rockhopper__CV104_pHDB3,-0.19687437483333334,0.11131453289789157,3.0,1221.0,-0.3089991125,1222.0,-0.08638813590000001,1223.0,-0.1952358761,,,,,,,,,,,,,,,,,,,,,,,,,,,,,,
414,rockhopper__CV104_pLCV1,-0.0328238049,0.10934454606968307,3.0,1224.0,0.0592606995,1225.0,-0.0040558787,1226.0,-0.1536762355,,,,,,,,,,,,,,,,,,,,,,,,,,,,,,
415,rockhopper__wt_lb,-0.26513422476666665,0.04884311754037243,3.0,1227.0,-0.2714978187,1228.0,-0.2134212148,1229.0,-0.3104836408,,,,,,,,,,,,,,,,,,,,,,,,,,,,,,
416,rockhopper__wt_lb_aMG,-0.17089849248333333,0.3477855149645252,6.0,1230.0,0.0246791479,1231.0,-0.3172043455,1232.0,-0.6936863953,1242.0,0.1573425823,1243.0,-0.3753133073,1244.0,0.178791363,,,,,,,,,,,,,,,,,,,,,,,,
417,rockhopper__del_sgrR_lb_aMG,0.40255545569999995,0.3090284273387309,3.0,1233.0,0.7590441468,1234.0,0.21069388790000002,1235.0,0.2379283324,,,,,,,,,,,,,,,,,,,,,,,,,,,,,,
418,rockhopper__del_sgrS_glyc_aMG,2.2841927730333333,0.21570504054990747,3.0,1236.0,2.0956461207,1237.0,2.5194139067,1238.0,2.2375182917,,,,,,,,,,,,,,,,,,,,,,,,,,,,,,
419,rockhopper__del_sgrS_glyc,-0.18687854873333332,0.11712605698895395,3.0,1239.0,-0.0590184278,1240.0,-0.2889839328,1241.0,-0.2126332856,,,,,,,,,,,,,,,,,,,,,,,,,,,,,,
420,rockhopper__wt_glyc_aMG,0.5464414353333332,0.9915989466694242,6.0,1245.0,1.0445245975,1246.0,1.6407758728,1247.0,1.6052664892,1257.0,-0.3875775806,1258.0,-0.2750413504,1259.0,-0.3492994165,,,,,,,,,,,,,,,,,,,,,,,,
421,rockhopper__wt_glyc,-9.25185853854297e-18,0.572407685569743,12.0,1248.0,0.21065525100000002,1249.0,-0.3811750232,1250.0,-0.3406729409,1254.0,1.1818481631,1255.0,1.0327605646,1256.0,0.0814657329,1260.0,-0.40370963660000003,1261.0,-0.683598908,1262.0,-0.25625798110000003,1263.0,-0.0852114536,1264.0,-0.0022552709,1265.0,-0.3538484973,,,,,,,,,,,,
422,rockhopper__CV108_glyc_aMG,0.08672953136666668,0.5156199064383366,3.0,1251.0,0.6778914308,1252.0,-0.14753588680000002,1253.0,-0.2701669499,,,,,,,,,,,,,,,,,,,,,,,,,,,,,,
423,rpoD__wt,0.0,0.1829129464509809,3.0,1266.0,-0.0226473225,1267.0,-0.1705347179,1271.0,0.1931820404,,,,,,,,,,,,,,,,,,,,,,,,,,,,,,
424,rpoD__rpoD_mut,0.054678301133333336,0.11699216370802064,3.0,1268.0,0.0031622827,1269.0,-0.0277151633,1270.0,0.188587784,,,,,,,,,,,,,,,,,,,,,,,,,,,,,,
425,rpoN_peptide__ctrl,-2.3129646346357427e-18,0.057966547802688465,3.0,1272.0,0.0558004026,1273.0,0.0041131860000000004,1274.0,-0.059913588600000005,,,,,,,,,,,,,,,,,,,,,,,,,,,,,,
426,rpoN_peptide__nminus,0.0664305263,0.055565031996735084,3.0,1275.0,0.0979190222,1276.0,0.0990993835,1277.0,0.0022731732,,,,,,,,,,,,,,,,,,,,,,,,,,,,,,
427,rpoN_peptide__nplus,-0.4774771339333334,0.03890700217854793,3.0,1278.0,-0.5118361569000001,1279.0,-0.4853644925,1280.0,-0.43523075240000003,,,,,,,,,,,,,,,,,,,,,,,,,,,,,,
428,rpoN_peptide__s54_wt,-0.021515992533333334,0.03925489332354448,3.0,1281.0,0.0227125262,1282.0,-0.0350380899,1283.0,-0.0522224139,,,,,,,,,,,,,,,,,,,,,,,,,,,,,,
429,rsd__wt_ee,0.0,0.16496756049243108,2.0,1284.0,-0.11664968070000001,1285.0,0.11664968070000001,,,,,,,,,,,,,,,,,,,,,,,,,,,,,,,,
430,rsd__del_rsd_ee,0.18744627295,0.05871929099637082,2.0,1286.0,0.1459254641,1287.0,0.2289670818,,,,,,,,,,,,,,,,,,,,,,,,,,,,,,,,
431,rsd__del_ssrS_ee,0.07375185535,0.06309048836321458,2.0,1288.0,0.0291401432,1289.0,0.1183635675,,,,,,,,,,,,,,,,,,,,,,,,,,,,,,,,
432,rsd__del_rsd_ssrS_ee,1.30811670435,0.1593604856410954,2.0,1290.0,1.1954318243,1291.0,1.4208015844,,,,,,,,,,,,,,,,,,,,,,,,,,,,,,,,
433,rsd__del_rpoS_ee,0.4554089526,0.03884634927967592,2.0,1292.0,0.4828774696,1293.0,0.4279404356,,,,,,,,,,,,,,,,,,,,,,,,,,,,,,,,
434,rsd__wt_me,1.2030268786,0.032396844733350846,2.0,1294.0,1.18011885,1295.0,1.2259349072,,,,,,,,,,,,,,,,,,,,,,,,,,,,,,,,
435,rsd__del_rpoS_me,0.36022280105000004,0.043357592326514184,2.0,1296.0,0.3295643535,1297.0,0.3908812486,,,,,,,,,,,,,,,,,,,,,,,,,,,,,,,,
436,rsd__wt_ts,3.50212776745,0.1167528094009611,2.0,1298.0,3.4195710642,1299.0,3.5846844707,,,,,,,,,,,,,,,,,,,,,,,,,,,,,,,,
437,rsd__del_rsd_ssrS_ts,2.48088783485,0.08373817593806777,2.0,1300.0,2.5400996668999998,1301.0,2.4216760028,,,,,,,,,,,,,,,,,,,,,,,,,,,,,,,,
438,rsd__del_rpoS_ts,2.1894794065000003,0.12415476931600702,2.0,1302.0,2.1016887272,1303.0,2.2772700858,,,,,,,,,,,,,,,,,,,,,,,,,,,,,,,,
439,rsd__wt_s,2.3741919016499997,0.383997030539531,2.0,1304.0,2.1026649974,1305.0,2.6457188059,,,,,,,,,,,,,,,,,,,,,,,,,,,,,,,,
440,rsd__del_rsd_s,2.6946021669,0.05890486303936512,2.0,1306.0,2.6529501388,1307.0,2.736254195,,,,,,,,,,,,,,,,,,,,,,,,,,,,,,,,
441,rsd__del_rsd_ssrS_s,2.14149747535,0.08372597283065962,2.0,1308.0,2.2007006785,1309.0,2.0822942722,,,,,,,,,,,,,,,,,,,,,,,,,,,,,,,,
442,rsd__del_rsd_ls,2.9089664877,0.15419883884727517,2.0,1310.0,3.0180015323,1311.0,2.7999314431,,,,,,,,,,,,,,,,,,,,,,,,,,,,,,,,
443,rsd__del_ssrS_ls,2.8595401704,0.16043894630685288,2.0,1312.0,2.7460927035,1313.0,2.9729876373,,,,,,,,,,,,,,,,,,,,,,,,,,,,,,,,
444,rsd__del_rsd_ssrS_ls,3.1557706647500003,0.011930738290818681,2.0,1314.0,3.1473343588000002,1315.0,3.1642069707,,,,,,,,,,,,,,,,,,,,,,,,,,,,,,,,
445,rsd__del_rpoS_ls,0.8360722089999999,0.2671038615738751,2.0,1316.0,0.6472012572,1317.0,1.0249431608,,,,,,,,,,,,,,,,,,,,,,,,,,,,,,,,
446,sdsR_ryeA__wt_3h,0.0,0.4766910382819175,2.0,1318.0,0.3370714657,1320.0,-0.3370714657,,,,,,,,,,,,,,,,,,,,,,,,,,,,,,,,
447,sdsR_ryeA__wt_8h,0.1502905463,0.2155247630976889,2.0,1319.0,-0.0021084752,1321.0,0.3026895678,,,,,,,,,,,,,,,,,,,,,,,,,,,,,,,,
448,starve_series__t00_growth1,0.0,0.24020651597052578,4.0,1322.0,-0.0309538691,1323.0,0.3144002402,1324.0,-0.013035705100000001,1325.0,-0.270410666,,,,,,,,,,,,,,,,,,,,,,,,,,,,
449,starve_series__t01_starve,1.92140528605,0.17455690856603004,2.0,1326.0,1.7979749123,1327.0,2.0448356598,,,,,,,,,,,,,,,,,,,,,,,,,,,,,,,,
450,starve_series__t02_starve,3.10276477155,0.041418957262514586,2.0,1328.0,3.1320523971,1329.0,3.073477146,,,,,,,,,,,,,,,,,,,,,,,,,,,,,,,,
451,starve_series__t03_starve,1.25681031905,0.04110410891722462,2.0,1330.0,1.2277453249,1331.0,1.2858753132,,,,,,,,,,,,,,,,,,,,,,,,,,,,,,,,
452,starve_series__t04_starve,0.42897598800000003,0.11795038715375665,2.0,1332.0,0.3455724694,1333.0,0.5123795066,,,,,,,,,,,,,,,,,,,,,,,,,,,,,,,,
453,starve_series__t05_starve,0.56275961695,0.1953277863044027,2.0,1334.0,0.4246420147,1335.0,0.7008772192,,,,,,,,,,,,,,,,,,,,,,,,,,,,,,,,
454,starve_series__t06_starve,0.7398026012500001,0.10119333593425489,2.0,1336.0,0.8113570953,1337.0,0.6682481072,,,,,,,,,,,,,,,,,,,,,,,,,,,,,,,,
455,starve_series__t07_starve,0.92561458485,0.22537957786598573,2.0,1338.0,0.766247157,1339.0,1.0849820127,,,,,,,,,,,,,,,,,,,,,,,,,,,,,,,,
456,starve_series__t08_starve,1.14961252005,0.020232328879654347,2.0,1340.0,1.1353061031,1341.0,1.163918937,,,,,,,,,,,,,,,,,,,,,,,,,,,,,,,,
457,starve_series__t09_starve,1.4431433181,0.11727990058423968,2.0,1342.0,1.5260727311,1343.0,1.3602139051,,,,,,,,,,,,,,,,,,,,,,,,,,,,,,,,
458,starve_series__t10_starve,1.5138503111500001,0.19440487958456482,2.0,1344.0,1.3763853025000001,1345.0,1.6513153198000001,,,,,,,,,,,,,,,,,,,,,,,,,,,,,,,,
459,starve_series__t11_starve,2.10689986,0.016374163716222856,2.0,1346.0,2.0953215778,1347.0,2.1184781422,,,,,,,,,,,,,,,,,,,,,,,,,,,,,,,,
460,starve_series__t12_starve,1.8355514105,0.20357304756496736,2.0,1348.0,1.6916035281,1349.0,1.9794992929,,,,,,,,,,,,,,,,,,,,,,,,,,,,,,,,
461,starve_series__t14_starve,2.26627263715,0.21726166024346236,2.0,1350.0,2.1126454439,1351.0,2.4198998304,,,,,,,,,,,,,,,,,,,,,,,,,,,,,,,,
462,starve_series__t16_starve,2.02260383505,0.06665516030112223,2.0,1352.0,2.0697361509,1353.0,1.9754715192,,,,,,,,,,,,,,,,,,,,,,,,,,,,,,,,
463,starve_series__t17_starve,2.7904444578,0.10255331080026639,2.0,1354.0,2.7179283163,1355.0,2.8629605993,,,,,,,,,,,,,,,,,,,,,,,,,,,,,,,,
464,starve_series__t18_starve,2.09743854195,0.0631694369767555,2.0,1356.0,2.1421060792,1357.0,2.0527710047,,,,,,,,,,,,,,,,,,,,,,,,,,,,,,,,
465,starve_series__t20_starve,-1.02978804435,0.13610928110249465,2.0,1358.0,-1.12603184,1359.0,-0.9335442487000001,,,,,,,,,,,,,,,,,,,,,,,,,,,,,,,,
466,starve_series__t21_growth2,-1.5389427439499999,0.05308086663660193,2.0,1360.0,-1.5764765847,1361.0,-1.5014089032,,,,,,,,,,,,,,,,,,,,,,,,,,,,,,,,
467,starve_series__t22_growth2,-0.77980937345,0.041542627692959945,2.0,1362.0,-0.8091844472,1363.0,-0.7504342997,,,,,,,,,,,,,,,,,,,,,,,,,,,,,,,,
468,starve_series__t23_growth2,-0.4351286636,0.03027339020010412,2.0,1364.0,-0.4565351831,1365.0,-0.4137221441,,,,,,,,,,,,,,,,,,,,,,,,,,,,,,,,
469,starve_series__t25_growth2,1.2806540224,0.11833950759117948,2.0,1366.0,1.1969753541,1367.0,1.3643326907,,,,,,,,,,,,,,,,,,,,,,,,,,,,,,,,
470,starve_series__t26_growth2,1.04713104395,0.1474048107346632,2.0,1368.0,0.9429001027,1369.0,1.1513619851999999,,,,,,,,,,,,,,,,,,,,,,,,,,,,,,,,
471,starve_series__t27_growth2,0.7723288219,0.036491263959739374,2.0,1370.0,0.7981320421,1371.0,0.7465256017,,,,,,,,,,,,,,,,,,,,,,,,,,,,,,,,
472,starve_series__t28_growth2,1.3026693592,0.04496950552028592,2.0,1372.0,1.2708711169,1373.0,1.3344676015,,,,,,,,,,,,,,,,,,,,,,,,,,,,,,,,
473,time_course__lb_4hr,-3.333333377838107e-11,0.08052975967323515,3.0,1374.0,0.0927989674,1375.0,-0.051528414,1376.0,-0.0412705535,,,,,,,,,,,,,,,,,,,,,,,,,,,,,,
474,time_course__lb_8hr,1.1972218857333334,0.024130405636763125,3.0,1377.0,1.1997938328,1378.0,1.1719085259,1379.0,1.2199632985,,,,,,,,,,,,,,,,,,,,,,,,,,,,,,
475,time_course__lb_24hr,0.3563760659333333,0.015238415491581494,3.0,1380.0,0.3736834919,1381.0,0.35046990850000004,1382.0,0.34497479740000003,,,,,,,,,,,,,,,,,,,,,,,,,,,,,,
476,time_course__lb_72hr,0.08954322330000002,0.029953618503798123,3.0,1383.0,0.06488331950000001,1384.0,0.0808699345,1385.0,0.12287641590000001,,,,,,,,,,,,,,,,,,,,,,,,,,,,,,
477,time_course__lb_144hr,-0.9966882114666668,0.2443281049333812,3.0,1386.0,-1.2787717533,1387.0,-0.8598748481,1388.0,-0.8514180330000001,,,,,,,,,,,,,,,,,,,,,,,,,,,,,,
478,time_course__lb_192hr,-0.4714282112666666,0.09500421259526903,3.0,1389.0,-0.5008099027,1390.0,-0.3652041062,1391.0,-0.5482706249,,,,,,,,,,,,,,,,,,,,,,,,,,,,,,
479,triclosan__wt,3.33333360913457e-11,0.13735684665059444,3.0,1392.0,-0.1585989333,1393.0,0.0805983435,1394.0,0.0780005899,,,,,,,,,,,,,,,,,,,,,,,,,,,,,,
480,triclosan__evo_amx_tcs,-1.8967365741,0.4852867480274428,3.0,1395.0,-2.381771712,1396.0,-1.8972394036,1397.0,-1.4111986067,,,,,,,,,,,,,,,,,,,,,,,,,,,,,,
481,triclosan__evo_chl_tcs,-0.12461955023333333,1.076747977311162,3.0,1398.0,-1.3486163777,1399.0,0.298275634,1400.0,0.6764820930000001,,,,,,,,,,,,,,,,,,,,,,,,,,,,,,
482,triclosan__evo_tet_tcs,-1.74605552265,1.2250536077400018,2.0,1401.0,-2.612299236,1402.0,-0.8798118093,,,,,,,,,,,,,,,,,,,,,,,,,,,,,,,,
483,truHMM__48C_15m,-0.20079609839999998,0.45317243084932973,3.0,1403.0,-0.452486164,1404.0,-0.47225993190000004,1405.0,0.32235780070000003,,,,,,,,,,,,,,,,,,,,,,,,,,,,,,
484,truHMM__48C_30m,4.902487215300001,0.0021748992385836148,2.0,1406.0,4.9009493293,1407.0,4.9040251013,,,,,,,,,,,,,,,,,,,,,,,,,,,,,,,,
485,truHMM__48C_60m,4.5474905869,0.00235480261864547,2.0,1408.0,4.5491556838000005,1409.0,4.54582549,,,,,,,,,,,,,,,,,,,,,,,,,,,,,,,,
486,truHMM__phos_0h,0.0,0.07326042781413158,2.0,1410.0,0.0518029453,1411.0,-0.0518029453,,,,,,,,,,,,,,,,,,,,,,,,,,,,,,,,
487,truHMM__phos_2h,2.8403855989,0.0005893155193626374,2.0,1412.0,2.8408023078999998,1413.0,2.8399688899,,,,,,,,,,,,,,,,,,,,,,,,,,,,,,,,
488,truHMM__phos_4h,2.4111096519,0.12506522290543107,3.0,1414.0,2.3315266164,1415.0,2.346540184,1416.0,2.5552621553,,,,,,,,,,,,,,,,,,,,,,,,,,,,,,
489,control__wt_glc,0.0,0.03895497360918824,2.0,1417.0,-0.027545326000000002,1418.0,0.027545326000000002,,,,,,,,,,,,,,,,,,,,,,,,,,,,,,,,
490,fur__wt_dpd,1.21261898,0.028356092083227043,2.0,1419.0,1.232669765,1420.0,1.192568195,,,,,,,,,,,,,,,,,,,,,,,,,,,,,,,,
491,fur__wt_fe,-0.2072059745,0.020825151012255846,2.0,1421.0,-0.192480369,1422.0,-0.22193158000000002,,,,,,,,,,,,,,,,,,,,,,,,,,,,,,,,
492,fur__delfur_dpd,0.7381970205,0.19510453749078635,2.0,1423.0,0.876156762,1424.0,0.600237279,,,,,,,,,,,,,,,,,,,,,,,,,,,,,,,,
493,fur__delfur_fe2,0.9317262380000001,0.04478109225153391,2.0,1425.0,0.9000612240000001,1426.0,0.9633912520000001,,,,,,,,,,,,,,,,,,,,,,,,,,,,,,,,
494,acid__wt_ph5,1.210874535,0.012964401196403682,2.0,1427.0,1.2200417510000001,1428.0,1.201707319,,,,,,,,,,,,,,,,,,,,,,,,,,,,,,,,
495,acid__delgadx_ph5,1.013743168,,1.0,1429.0,1.013743168,,,,,,,,,,,,,,,,,,,,,,,,,,,,,,,,,,
496,acid__delgadw_ph5,1.2764768825,0.024757261513776316,2.0,1430.0,1.29398291,1431.0,1.258970855,,,,,,,,,,,,,,,,,,,,,,,,,,,,,,,,
497,acid__delgade_ph5,1.2648492464999999,0.03769984139491269,2.0,1432.0,1.238191433,1433.0,1.29150706,,,,,,,,,,,,,,,,,,,,,,,,,,,,,,,,
498,oxidative__wt_pq,0.5318918735,0.009992074306152126,2.0,1434.0,0.538957337,1435.0,0.52482641,,,,,,,,,,,,,,,,,,,,,,,,,,,,,,,,
499,oxidative__deloxyr_pq,1.1475014835000001,0.05358433903917553,2.0,1436.0,1.185391333,1437.0,1.109611634,,,,,,,,,,,,,,,,,,,,,,,,,,,,,,,,
500,oxidative__delsoxr_pq,-0.2394552815,0.015054117402378147,2.0,1438.0,-0.22881041300000002,1439.0,-0.25010015,,,,,,,,,,,,,,,,,,,,,,,,,,,,,,,,
501,oxidative__delsoxs_pq,0.7482386635,0.04928789883971635,2.0,1440.0,0.7133868560000001,1441.0,0.7830904710000001,,,,,,,,,,,,,,,,,,,,,,,,,,,,,,,,
502,nac_ntrc__wt_csn,0.9206917080000001,0.01932586331171792,2.0,1442.0,0.907026259,1443.0,0.9343571570000001,,,,,,,,,,,,,,,,,,,,,,,,,,,,,,,,
503,nac_ntrc__wt_cytd,0.059227128000000004,0.02057220406738301,2.0,1444.0,0.073773873,1445.0,0.044680383000000004,,,,,,,,,,,,,,,,,,,,,,,,,,,,,,,,
504,nac_ntrc__wt_gln,0.745580396,0.05195545987884933,2.0,1446.0,0.782318454,1447.0,0.7088423380000001,,,,,,,,,,,,,,,,,,,,,,,,,,,,,,,,
505,nac_ntrc__bw_delnac_csn,1.679215957,0.055323956778289766,2.0,1448.0,1.7183359020000002,1449.0,1.6400960119999999,,,,,,,,,,,,,,,,,,,,,,,,,,,,,,,,
506,nac_ntrc__bw_delnac_cytd,1.1756860035,0.04373529334297434,2.0,1450.0,1.144760481,1451.0,1.206611526,,,,,,,,,,,,,,,,,,,,,,,,,,,,,,,,
507,nac_ntrc__bw_delnac_gln,0.47429969400000005,0.006147572213500214,2.0,1452.0,0.46995270400000005,1453.0,0.47864668400000004,,,,,,,,,,,,,,,,,,,,,,,,,,,,,,,,
508,nac_ntrc__bw_delnac_nh4,0.9782159315000001,0.0021375095533148875,2.0,1454.0,0.9797273790000001,1455.0,0.9767044840000001,,,,,,,,,,,,,,,,,,,,,,,,,,,,,,,,
509,misc__wt_no_te,0.5959115555000001,0.060786903256497465,2.0,1456.0,0.638894387,1457.0,0.552928724,,,,,,,,,,,,,,,,,,,,,,,,,,,,,,,,
510,misc__bw_delcbl,0.943794233,0.010687132694894,2.0,1458.0,0.936237289,1459.0,0.951351177,,,,,,,,,,,,,,,,,,,,,,,,,,,,,,,,
511,misc__bw_delfabr,0.979144566,0.06823959589106243,2.0,1460.0,0.9308918850000001,1461.0,1.027397247,,,,,,,,,,,,,,,,,,,,,,,,,,,,,,,,
512,misc__bw_delfadr,0.7714426995,0.03560385810153645,2.0,1462.0,0.796618429,1463.0,0.74626697,,,,,,,,,,,,,,,,,,,,,,,,,,,,,,,,
513,misc__nitr_031,0.772472098,,1.0,1464.0,0.772472098,,,,,,,,,,,,,,,,,,,,,,,,,,,,,,,,,,
514,omics__wt_glu,0.1583373475,0.17338455769618133,2.0,1465.0,0.035735951,1466.0,0.280938744,,,,,,,,,,,,,,,,,,,,,,,,,,,,,,,,
515,omics__wt_gly,0.41868359750000006,0.04975116833269208,2.0,1467.0,0.38350420900000004,1468.0,0.453862986,,,,,,,,,,,,,,,,,,,,,,,,,,,,,,,,
516,omics__wt_thr,0.5198721005,0.006845044664793161,2.0,1469.0,0.5247122780000001,1470.0,0.515031923,,,,,,,,,,,,,,,,,,,,,,,,,,,,,,,,
517,omics__bw_ac,0.2081195125,0.0012489492725809622,2.0,1471.0,0.207236372,1472.0,0.209002653,,,,,,,,,,,,,,,,,,,,,,,,,,,,,,,,
518,omics__bw_fum,0.328380918,0.04954440677433923,2.0,1473.0,0.363414104,1474.0,0.293347732,,,,,,,,,,,,,,,,,,,,,,,,,,,,,,,,
519,omics__bw_glc,0.2112582805,0.010692623379049908,2.0,1475.0,0.203697454,1476.0,0.218819107,,,,,,,,,,,,,,,,,,,,,,,,,,,,,,,,
520,omics__bw_pyr,0.22696018250000002,0.04994682477904641,2.0,1477.0,0.19164244400000002,1478.0,0.262277921,,,,,,,,,,,,,,,,,,,,,,,,,,,,,,,,
521,ompr__wt_nacl,0.26715897750000006,0.052118006050174664,2.0,1479.0,0.23030598200000002,1480.0,0.30401197300000005,,,,,,,,,,,,,,,,,,,,,,,,,,,,,,,,
522,ompr__bw_delompr_nacl,2.1141404245,0.024447271557758263,2.0,1481.0,2.131427256,1482.0,2.096853593,,,,,,,,,,,,,,,,,,,,,,,,,,,,,,,,
523,minspan__wt_ade,0.04845243,,1.0,1483.0,0.04845243,,,,,,,,,,,,,,,,,,,,,,,,,,,,,,,,,,
524,minspan__wt_glc,0.407926198,0.19633679456632633,3.0,1484.0,0.634348196,1485.0,0.28481843100000004,1486.0,0.30461196700000004,,,,,,,,,,,,,,,,,,,,,,,,,,,,,,
525,minspan__wt_glc_anaero,1.1753281525000001,0.0822353780887573,2.0,1487.0,1.117178959,1488.0,1.233477346,,,,,,,,,,,,,,,,,,,,,,,,,,,,,,,,
526,minspan__wt_trp,0.872209801,,1.0,1489.0,0.872209801,,,,,,,,,,,,,,,,,,,,,,,,,,,,,,,,,,
527,minspan__bw_delcra_glc,0.9387427740000001,,1.0,1490.0,0.9387427740000001,,,,,,,,,,,,,,,,,,,,,,,,,,,,,,,,,,
528,minspan__bw_delcra_trp,0.557909298,,1.0,1491.0,0.557909298,,,,,,,,,,,,,,,,,,,,,,,,,,,,,,,,,,
529,minspan__bw_delmntr,0.8172697440000001,,1.0,1492.0,0.8172697440000001,,,,,,,,,,,,,,,,,,,,,,,,,,,,,,,,,,
530,minspan__bw_delnac_ade,0.25252683400000003,,1.0,1493.0,0.25252683400000003,,,,,,,,,,,,,,,,,,,,,,,,,,,,,,,,,,
531,minspan__bw_delnac_glc,-0.554471897,,1.0,1494.0,-0.554471897,,,,,,,,,,,,,,,,,,,,,,,,,,,,,,,,,,
532,cra_crp__wt_ac,-0.535566007,0.1074704896373376,2.0,1495.0,-0.45957289500000004,1496.0,-0.611559119,,,,,,,,,,,,,,,,,,,,,,,,,,,,,,,,
533,cra_crp__wt_fru,-0.0673559865,0.07018579346208677,2.0,1497.0,-0.11698483700000001,1498.0,-0.017727136,,,,,,,,,,,,,,,,,,,,,,,,,,,,,,,,
534,cra_crp__delcra_ac,0.397078442,0.002161609873738081,2.0,1499.0,0.398606931,1500.0,0.395549953,,,,,,,,,,,,,,,,,,,,,,,,,,,,,,,,
535,cra_crp__delcra_fru,0.9983333575000001,0.01973023717378178,2.0,1501.0,1.012284742,1502.0,0.9843819730000001,,,,,,,,,,,,,,,,,,,,,,,,,,,,,,,,
536,cra_crp__delcra_glc,1.0036072145000001,0.02469054881739848,2.0,1503.0,0.9861483600000001,1504.0,1.021066069,,,,,,,,,,,,,,,,,,,,,,,,,,,,,,,,
537,rpoB__wt_031,1.049002698,,1.0,1505.0,1.049002698,,,,,,,,,,,,,,,,,,,,,,,,,,,,,,,,,,
538,rpoB__wt_044,0.861328693,,1.0,1506.0,0.861328693,,,,,,,,,,,,,,,,,,,,,,,,,,,,,,,,,,
539,rpoB__wt_lb,0.38021588400000006,0.009136532376565639,2.0,1507.0,0.37375538,1508.0,0.38667638800000004,,,,,,,,,,,,,,,,,,,,,,,,,,,,,,,,
540,rpoB__rpoBE546V_031,0.698204986,,1.0,1509.0,0.698204986,,,,,,,,,,,,,,,,,,,,,,,,,,,,,,,,,,
541,rpoB__rpoBE546V_044,0.739290616,,1.0,1510.0,0.739290616,,,,,,,,,,,,,,,,,,,,,,,,,,,,,,,,,,
542,rpoB__rpoBE546V_lb,-0.06630649,0.03229509687586411,2.0,1511.0,-0.043470408,1512.0,-0.089142572,,,,,,,,,,,,,,,,,,,,,,,,,,,,,,,,
543,rpoB__rpoBE546V_glc,0.32601359500000004,,1.0,1513.0,0.32601359500000004,,,,,,,,,,,,,,,,,,,,,,,,,,,,,,,,,,
544,rpoB__rpoBE672K_glc,-0.36290024900000006,0.11363909403493742,2.0,1514.0,-0.44325522300000003,1515.0,-0.28254527500000004,,,,,,,,,,,,,,,,,,,,,,,,,,,,,,,,
545,rpoB__rpoBE672K_lb,-0.6109253615000001,0.009660270105934602,2.0,1516.0,-0.6177562040000001,1517.0,-0.604094519,,,,,,,,,,,,,,,,,,,,,,,,,,,,,,,,
546,crp__wt_fru,-1.035375596,,1.0,1518.0,-1.035375596,,,,,,,,,,,,,,,,,,,,,,,,,,,,,,,,,,
547,crp__wt_glyc,-1.017104807,0.061722045610655744,2.0,1519.0,-0.97346073,1520.0,-1.0607488840000001,,,,,,,,,,,,,,,,,,,,,,,,,,,,,,,,
548,crp__delar1_glyc,1.4824671585,0.2830570980582866,2.0,1521.0,1.282315565,1522.0,1.682618752,,,,,,,,,,,,,,,,,,,,,,,,,,,,,,,,
549,crp__delar1ar2_glyc,0.5117245406666667,0.06662104872464215,3.0,1523.0,0.44659508600000003,1524.0,0.508835358,1525.0,0.5797431780000001,,,,,,,,,,,,,,,,,,,,,,,,,,,,,,
550,crp__delar2_glyc,1.5004447833333334,0.08931469796121783,3.0,1526.0,1.603402967,1527.0,1.4541449370000001,1528.0,1.443786446,,,,,,,,,,,,,,,,,,,,,,,,,,,,,,
551,crp__delcrp_fru,1.3095374793333334,0.05917386544013438,3.0,1529.0,1.367408416,1530.0,1.249141522,1531.0,1.3120625,,,,,,,,,,,,,,,,,,,,,,,,,,,,,,
552,crp__delcrp_glc,1.245742718,0.04774350679027378,3.0,1532.0,1.283893441,1533.0,1.2611323269999999,1534.0,1.192202386,,,,,,,,,,,,,,,,,,,,,,,,,,,,,,
553,crp__delcrp_glyc,0.65211158,0.05278841916691245,3.0,1535.0,0.707226499,1536.0,0.602006915,1537.0,0.647101326,,,,,,,,,,,,,,,,,,,,,,,,,,,,,,
554,glu__glu_ale3,1.028315102,,1.0,1538.0,1.028315102,,,,,,,,,,,,,,,,,,,,,,,,,,,,,,,,,,
555,glu__glu_ale4,0.7169297910000001,,1.0,1539.0,0.7169297910000001,,,,,,,,,,,,,,,,,,,,,,,,,,,,,,,,,,
556,glu__glu_ale5,1.027397616,,1.0,1540.0,1.027397616,,,,,,,,,,,,,,,,,,,,,,,,,,,,,,,,,,
557,glu__glu_ale6,-1.2559462350000001,,1.0,1541.0,-1.2559462350000001,,,,,,,,,,,,,,,,,,,,,,,,,,,,,,,,,,
558,glu__glu_ale8,1.184216518,,1.0,1542.0,1.184216518,,,,,,,,,,,,,,,,,,,,,,,,,,,,,,,,,,
559,glu__glu_ale9,-0.579766753,,1.0,1543.0,-0.579766753,,,,,,,,,,,,,,,,,,,,,,,,,,,,,,,,,,
560,glu__glu_ale10,0.9294070040000001,,1.0,1544.0,0.9294070040000001,,,,,,,,,,,,,,,,,,,,,,,,,,,,,,,,,,
561,42c__wt_42c,1.417337855,,1.0,1545.0,1.417337855,,,,,,,,,,,,,,,,,,,,,,,,,,,,,,,,,,
562,42c__42c_ale1,0.36597073900000004,,1.0,1546.0,0.36597073900000004,,,,,,,,,,,,,,,,,,,,,,,,,,,,,,,,,,
563,42c__42c_ale2,1.4270376599999999,,1.0,1547.0,1.4270376599999999,,,,,,,,,,,,,,,,,,,,,,,,,,,,,,,,,,
564,42c__42c_ale3,0.29466183500000004,,1.0,1548.0,0.29466183500000004,,,,,,,,,,,,,,,,,,,,,,,,,,,,,,,,,,
565,42c__42c_ale4,1.474027161,,1.0,1549.0,1.474027161,,,,,,,,,,,,,,,,,,,,,,,,,,,,,,,,,,
566,42c__42c_ale5,-0.6700862190000001,,1.0,1550.0,-0.6700862190000001,,,,,,,,,,,,,,,,,,,,,,,,,,,,,,,,,,
567,42c__42c_ale6,0.13119919500000002,,1.0,1551.0,0.13119919500000002,,,,,,,,,,,,,,,,,,,,,,,,,,,,,,,,,,
568,42c__42c_ale8,1.529825519,,1.0,1552.0,1.529825519,,,,,,,,,,,,,,,,,,,,,,,,,,,,,,,,,,
569,42c__42c_ale9,0.015997533,,1.0,1553.0,0.015997533,,,,,,,,,,,,,,,,,,,,,,,,,,,,,,,,,,
570,42c__42c_ale10,1.159421184,,1.0,1554.0,1.159421184,,,,,,,,,,,,,,,,,,,,,,,,,,,,,,,,,,
571,ssw__wt_ac,1.579547389,,1.0,1555.0,1.579547389,,,,,,,,,,,,,,,,,,,,,,,,,,,,,,,,,,
572,ssw__wt_glc,-1.166885043,,1.0,1556.0,-1.166885043,,,,,,,,,,,,,,,,,,,,,,,,,,,,,,,,,,
573,ssw__wt_glyc,1.331720297,,1.0,1557.0,1.331720297,,,,,,,,,,,,,,,,,,,,,,,,,,,,,,,,,,
574,ssw__wt_xyl,1.091698526,,1.0,1558.0,1.091698526,,,,,,,,,,,,,,,,,,,,,,,,,,,,,,,,,,
575,ssw__glc_ale1,2.175432925,,1.0,1559.0,2.175432925,,,,,,,,,,,,,,,,,,,,,,,,,,,,,,,,,,
576,ssw__glc_ale2,0.7521651840000001,,1.0,1560.0,0.7521651840000001,,,,,,,,,,,,,,,,,,,,,,,,,,,,,,,,,,
577,ssw__glc_ale3,0.045973694,,1.0,1561.0,0.045973694,,,,,,,,,,,,,,,,,,,,,,,,,,,,,,,,,,
578,ssw__glyc_ale1,2.335010966,,1.0,1562.0,2.335010966,,,,,,,,,,,,,,,,,,,,,,,,,,,,,,,,,,
579,ssw__glyc_ale2,-0.129393054,,1.0,1563.0,-0.129393054,,,,,,,,,,,,,,,,,,,,,,,,,,,,,,,,,,
580,ssw__xyl_ale1,-0.138765735,,1.0,1564.0,-0.138765735,,,,,,,,,,,,,,,,,,,,,,,,,,,,,,,,,,
581,ssw__xyl_ale2,0.41660747400000003,,1.0,1565.0,0.41660747400000003,,,,,,,,,,,,,,,,,,,,,,,,,,,,,,,,,,
582,ssw__xyl_ale3,0.982234067,,1.0,1566.0,0.982234067,,,,,,,,,,,,,,,,,,,,,,,,,,,,,,,,,,
583,ssw__glc_ac_ac2,0.531236315,,1.0,1567.0,0.531236315,,,,,,,,,,,,,,,,,,,,,,,,,,,,,,,,,,
584,ssw__glc_ac_glc1,-0.18562593100000002,,1.0,1568.0,-0.18562593100000002,,,,,,,,,,,,,,,,,,,,,,,,,,,,,,,,,,
585,ssw__glc_glyc_glc,0.5692938550000001,,1.0,1569.0,0.5692938550000001,,,,,,,,,,,,,,,,,,,,,,,,,,,,,,,,,,
586,ssw__glc_glyc_glyc,1.019298424,,1.0,1570.0,1.019298424,,,,,,,,,,,,,,,,,,,,,,,,,,,,,,,,,,
587,ssw__glc_xyl_glc,0.245886438,,1.0,1571.0,0.245886438,,,,,,,,,,,,,,,,,,,,,,,,,,,,,,,,,,
588,ssw__glc_xyl_xyl,0.796878242,,1.0,1572.0,0.796878242,,,,,,,,,,,,,,,,,,,,,,,,,,,,,,,,,,
589,ica__wt_glc,0.2183664396666667,0.37172805394022346,6.0,1573.0,-0.243823386,1574.0,-0.13764911200000002,1575.0,0.139465789,1576.0,0.30304828500000003,1597.0,0.564873554,1598.0,0.684283508,,,,,,,,,,,,,,,,,,,,,,,,
590,ica__arg_sbt,-0.31974278,0.2983647528396999,2.0,1577.0,-0.10876704,1578.0,-0.53071852,,,,,,,,,,,,,,,,,,,,,,,,,,,,,,,,
591,ica__cytd_rib,1.389678052,0.4191859516643525,2.0,1579.0,1.686087281,1580.0,1.093268823,,,,,,,,,,,,,,,,,,,,,,,,,,,,,,,,
592,ica__gth,0.8123945745000001,0.028978984568094605,2.0,1581.0,0.832885811,1582.0,0.791903338,,,,,,,,,,,,,,,,,,,,,,,,,,,,,,,,
593,ica__leu_glcr,-0.7041611865,0.1894742025740156,2.0,1583.0,-0.570182693,1584.0,-0.83813968,,,,,,,,,,,,,,,,,,,,,,,,,,,,,,,,
594,ica__met_glc,-0.37517979450000005,0.023014291381412658,2.0,1585.0,-0.358906233,1586.0,-0.39145335600000003,,,,,,,,,,,,,,,,,,,,,,,,,,,,,,,,
595,ica__no3_anaero,1.4984667925,0.031656088013239644,2.0,1587.0,1.520851027,1588.0,1.476082558,,,,,,,,,,,,,,,,,,,,,,,,,,,,,,,,
596,ica__phe_acgam,-0.3347331935,0.17613578573098468,2.0,1589.0,-0.210186385,1590.0,-0.459280002,,,,,,,,,,,,,,,,,,,,,,,,,,,,,,,,
597,ica__thm_gal,0.833330136,0.0064392537607396915,2.0,1591.0,0.8378833760000001,1592.0,0.828776896,,,,,,,,,,,,,,,,,,,,,,,,,,,,,,,,
598,ica__tyr_glcn,-0.12105394200000001,0.013303668201589828,2.0,1593.0,-0.13046105600000002,1594.0,-0.111646828,,,,,,,,,,,,,,,,,,,,,,,,,,,,,,,,
599,ica__ura_pyr,-0.2350798665,0.15339377642226965,2.0,1595.0,-0.12661408700000001,1596.0,-0.34354564600000004,,,,,,,,,,,,,,,,,,,,,,,,,,,,,,,,
600,ica__bw_delpurR_cytd,0.06761309950000001,0.4282961520914936,2.0,1599.0,0.37046421300000004,1600.0,-0.23523801400000002,,,,,,,,,,,,,,,,,,,,,,,,,,,,,,,,
601,ica__ade_glc,0.11632412,0.2872939383484798,2.0,1601.0,-0.08682337200000001,1602.0,0.319471612,,,,,,,,,,,,,,,,,,,,,,,,,,,,,,,,
602,ytf__wt_glc,0.8818304445,0.4875320795559618,2.0,1603.0,0.537093205,1604.0,1.226567684,,,,,,,,,,,,,,,,,,,,,,,,,,,,,,,,
603,ytf__delyafC,1.586137965,0.02779416705214016,2.0,1605.0,1.566484521,1606.0,1.605791409,,,,,,,,,,,,,,,,,,,,,,,,,,,,,,,,
604,ytf__delyeiE,0.24424706750000003,0.29206637808429636,2.0,1607.0,0.45076918400000004,1608.0,0.037724951,,,,,,,,,,,,,,,,,,,,,,,,,,,,,,,,
605,ytf__delyiaJ,1.2050351419999998,0.14830703337906995,2.0,1609.0,1.100166233,1610.0,1.309904051,,,,,,,,,,,,,,,,,,,,,,,,,,,,,,,,
606,ytf__delyieP,1.4197737185000001,0.18643341996917048,2.0,1611.0,1.551602054,1612.0,1.287945383,,,,,,,,,,,,,,,,,,,,,,,,,,,,,,,,
607,ytf__wt_ph5,0.6328784325000001,0.1021021710170151,2.0,1613.0,0.70507557,1614.0,0.5606812950000001,,,,,,,,,,,,,,,,,,,,,,,,,,,,,,,,
608,ytf__wt_ph8,0.3061185045,0.06717976091289639,2.0,1615.0,0.35362176900000003,1616.0,0.25861524,,,,,,,,,,,,,,,,,,,,,,,,,,,,,,,,
609,ytf__delybaO,1.5754392925,0.12006853244644727,2.0,1617.0,1.4905380190000002,1618.0,1.660340566,,,,,,,,,,,,,,,,,,,,,,,,,,,,,,,,
610,ytf__delybaQ,0.5316686495,0.02422887172889404,2.0,1619.0,0.51453625,1620.0,0.548801049,,,,,,,,,,,,,,,,,,,,,,,,,,,,,,,,
611,ytf__delybiH,0.8432199905,0.5679749511467995,2.0,1621.0,0.441601051,1622.0,1.24483893,,,,,,,,,,,,,,,,,,,,,,,,,,,,,,,,
612,ytf__delydcI_ph5,0.21732409400000002,0.014568793956003977,2.0,1623.0,0.20702240100000002,1624.0,0.22762578700000002,,,,,,,,,,,,,,,,,,,,,,,,,,,,,,,,
613,ytf__delydcI_ph8,0.2662020355,0.025649056100927454,2.0,1625.0,0.284338657,1626.0,0.248065414,,,,,,,,,,,,,,,,,,,,,,,,,,,,,,,,
614,ytf__delyddM,0.1850617745,0.05024088220507066,2.0,1627.0,0.22058744300000002,1628.0,0.149536106,,,,,,,,,,,,,,,,,,,,,,,,,,,,,,,,
615,ytf__delyheO,1.5373949370000002,0.06860108019131367,2.0,1629.0,1.488886648,1630.0,1.585903226,,,,,,,,,,,,,,,,,,,,,,,,,,,,,,,,
616,fps__bw_glc,0.171131582,0.02679380753244634,2.0,1631.0,0.190077665,1632.0,0.152185499,,,,,,,,,,,,,,,,,,,,,,,,,,,,,,,,
617,fps__fps_thrA_ale1,0.083650102,0.11918265280752098,2.0,1633.0,-0.00062476,1634.0,0.167924964,,,,,,,,,,,,,,,,,,,,,,,,,,,,,,,,
618,fps__fps_thrA_ale2,0.24272379000000002,0.0436543458799844,2.0,1635.0,0.21185550600000003,1636.0,0.273592074,,,,,,,,,,,,,,,,,,,,,,,,,,,,,,,,
619,fps__fps_serB_ale1,0.503771383,0.04280295254588321,2.0,1637.0,0.473505125,1638.0,0.5340376410000001,,,,,,,,,,,,,,,,,,,,,,,,,,,,,,,,
620,fps__fps_serB_ale4,0.394500059,0.11485619026834624,2.0,1639.0,0.31328446800000004,1640.0,0.47571565,,,,,,,,,,,,,,,,,,,,,,,,,,,,,,,,
621,fps__fps_ptsI_ale1,0.582817876,0.043728351675703415,2.0,1641.0,0.551897262,1642.0,0.61373849,,,,,,,,,,,,,,,,,,,,,,,,,,,,,,,,
622,fps__fps_ptsI_ale3,0.5740598015,0.013262048603555933,2.0,1643.0,0.564682117,1644.0,0.583437486,,,,,,,,,,,,,,,,,,,,,,,,,,,,,,,,
623,pal__lyx_ale2_f6,0.552733264,,1.0,1645.0,0.552733264,,,,,,,,,,,,,,,,,,,,,,,,,,,,,,,,,,
624,pal__lyx_ale2,0.615909195,0.13294125936999066,2.0,1646.0,0.7099128610000001,1647.0,0.521905529,,,,,,,,,,,,,,,,,,,,,,,,,,,,,,,,
625,pal__lyx_ale4,0.5137986355,0.039248952546359746,2.0,1648.0,0.541551836,1649.0,0.486045435,,,,,,,,,,,,,,,,,,,,,,,,,,,,,,,,
626,pal__5drib_ale10_f18,0.3584729675,0.09206265762402005,2.0,1650.0,0.423571097,1651.0,0.293374838,,,,,,,,,,,,,,,,,,,,,,,,,,,,,,,,
627,pal__5drib_ale10,0.8978987540000001,,1.0,1652.0,0.8978987540000001,,,,,,,,,,,,,,,,,,,,,,,,,,,,,,,,,,
628,pal__arab_ale14_f9,0.90387299,0.03723893858833342,2.0,1653.0,0.8775410840000001,1654.0,0.930204896,,,,,,,,,,,,,,,,,,,,,,,,,,,,,,,,
629,pal__arab_ale14,-0.1134578645,0.07520264112128651,2.0,1655.0,-0.166634162,1656.0,-0.060281567,,,,,,,,,,,,,,,,,,,,,,,,,,,,,,,,
630,pal__arab_ale16,0.5745163985,0.5166463018314923,2.0,1657.0,0.209192295,1658.0,0.939840502,,,,,,,,,,,,,,,,,,,,,,,,,,,,,,,,
631,pal__tartr_ale26_f10,1.1222608885,0.14153685576605537,2.0,1659.0,1.022179218,1660.0,1.222342559,,,,,,,,,,,,,,,,,,,,,,,,,,,,,,,,
632,pal__tartr_ale26,2.0409092185000004,0.22574354503027752,2.0,1661.0,2.20053401,1662.0,1.8812844270000002,,,,,,,,,,,,,,,,,,,,,,,,,,,,,,,,
633,pal__tartr_ale28_f10,2.3597846945,0.31848383793195106,2.0,1663.0,2.584986776,1664.0,2.134582613,,,,,,,,,,,,,,,,,,,,,,,,,,,,,,,,
634,pal__tartr_ale28,0.6351161075,0.34205247769529024,2.0,1665.0,0.8769837340000001,1666.0,0.39324848100000004,,,,,,,,,,,,,,,,,,,,,,,,,,,,,,,,
635,efeU__delmenFentC_citr,0.9019242150000001,0.0719647984631265,2.0,1667.0,0.8510374180000001,1668.0,0.9528110120000001,,,,,,,,,,,,,,,,,,,,,,,,,,,,,,,,
636,efeU__delmenFentC,0.4805530975,0.05780778884825332,2.0,1669.0,0.521429377,1670.0,0.439676818,,,,,,,,,,,,,,,,,,,,,,,,,,,,,,,,
637,efeU__menFentC_ale39,0.8710464280000001,0.022008070653609584,2.0,1671.0,0.855484372,1672.0,0.886608484,,,,,,,,,,,,,,,,,,,,,,,,,,,,,,,,
638,efeU__menFentC_ale29,0.724520362,0.0702273013372492,2.0,1673.0,0.7741785630000001,1674.0,0.6748621610000001,,,,,,,,,,,,,,,,,,,,,,,,,,,,,,,,
639,efeU__menFentC_ale30,0.4179632305,0.043898058010294956,2.0,1675.0,0.386922616,1676.0,0.449003845,,,,,,,,,,,,,,,,,,,,,,,,,,,,,,,,
640,efeU__menFentCubiC_ale36,0.674689971,0.010858234151164858,2.0,1677.0,0.6823679020000001,1678.0,0.66701204,,,,,,,,,,,,,,,,,,,,,,,,,,,,,,,,
641,efeU__menFentCubiC_ale37,0.810749559,0.05554569556537476,2.0,1679.0,0.8500262970000001,1680.0,0.771472821,,,,,,,,,,,,,,,,,,,,,,,,,,,,,,,,
642,efeU__menFentCubiC_ale38,0.945617409,0.07411866127496994,2.0,1681.0,0.9980272170000001,1682.0,0.8932076010000001,,,,,,,,,,,,,,,,,,,,,,,,,,,,,,,,
643,misc2__salc_glc,1.9999344475,0.1110434344417425,2.0,1683.0,2.078454013,1684.0,1.921414882,,,,,,,,,,,,,,,,,,,,,,,,,,,,,,,,
644,misc2__dbcn_glc,-0.323686443,0.7399506905053481,2.0,1685.0,-0.846910594,1686.0,0.199537708,,,,,,,,,,,,,,,,,,,,,,,,,,,,,,,,
645,misc2__tyr_glc,0.0517702135,0.048304538167042284,2.0,1687.0,0.017613747000000003,1688.0,0.08592668,,,,,,,,,,,,,,,,,,,,,,,,,,,,,,,,
646,misc2__arg_cytd,0.294163669,0.055489446635144865,2.0,1689.0,0.333400633,1690.0,0.25492670500000003,,,,,,,,,,,,,,,,,,,,,,,,,,,,,,,,
647,misc2__delyheO_pyr,0.56459551,0.0013006649412365839,2.0,1691.0,0.563675801,1692.0,0.565515219,,,,,,,,,,,,,,,,,,,,,,,,,,,,,,,,
648,nquinone__delubiC,0.4971818800000001,0.2100278104401602,2.0,1693.0,0.6456939690000001,1694.0,0.348669791,,,,,,,,,,,,,,,,,,,,,,,,,,,,,,,,
649,nquinone__ubiC_ale1,0.4786595065,0.010999934814580711,2.0,1695.0,0.470881378,1696.0,0.48643763500000003,,,,,,,,,,,,,,,,,,,,,,,,,,,,,,,,
650,nquinone__ubiC_ale2,0.8316335515,0.0324558639665279,2.0,1697.0,0.854583313,1698.0,0.80868379,,,,,,,,,,,,,,,,,,,,,,,,,,,,,,,,
651,nquinone__ubiC_ale3,0.8052264605,0.0352705647344377,2.0,1699.0,0.830166516,1700.0,0.780286405,,,,,,,,,,,,,,,,,,,,,,,,,,,,,,,,
652,nquinone__ubiC_ale4,0.7164024145000001,0.08417506532764718,2.0,1701.0,0.6568816550000001,1702.0,0.775923174,,,,,,,,,,,,,,,,,,,,,,,,,,,,,,,,
653,nquinone__delpdhR,0.3640215265,0.04219870222419481,2.0,1703.0,0.393860515,1704.0,0.33418253800000003,,,,,,,,,,,,,,,,,,,,,,,,,,,,,,,,
654,quinone__glu_ale4,0.4124235395,0.24090363157620465,2.0,1705.0,0.24207894800000002,1706.0,0.582768131,,,,,,,,,,,,,,,,,,,,,,,,,,,,,,,,
655,quinone__delmenF,0.7466339835,0.04371922504847863,2.0,1707.0,0.777548144,1708.0,0.715719823,,,,,,,,,,,,,,,,,,,,,,,,,,,,,,,,
656,quinone__menF_ale5,1.0535139635,0.03207636117127864,2.0,1709.0,1.076195376,1710.0,1.030832551,,,,,,,,,,,,,,,,,,,,,,,,,,,,,,,,
657,quinone__menF_ale6,0.8942036445000001,0.022650657476546755,2.0,1711.0,0.8781872110000001,1712.0,0.910220078,,,,,,,,,,,,,,,,,,,,,,,,,,,,,,,,
658,quinone__menF_ale7,0.9865423480000001,2.7803438636222408e-05,2.0,1713.0,0.986562008,1714.0,0.9865226880000001,,,,,,,,,,,,,,,,,,,,,,,,,,,,,,,,
659,quinone__menF_ale8,0.442984947,0.04551706454574206,2.0,1715.0,0.475170372,1716.0,0.41079952200000003,,,,,,,,,,,,,,,,,,,,,,,,,,,,,,,,
660,quinone__delmenFubiC,0.4646359255,0.04163972299995837,2.0,1717.0,0.435192195,1718.0,0.49407965600000003,,,,,,,,,,,,,,,,,,,,,,,,,,,,,,,,
661,quinone__menFubiC_ale1,1.4572426205,0.030384075038776805,2.0,1719.0,1.435757835,1720.0,1.478727406,,,,,,,,,,,,,,,,,,,,,,,,,,,,,,,,
662,quinone__menFubiC_ale2,1.3455002535,0.028400798909467482,2.0,1721.0,1.325417856,1722.0,1.365582651,,,,,,,,,,,,,,,,,,,,,,,,,,,,,,,,
663,quinone__menFubiC_ale3,0.5424700410000001,0.030924327954127147,2.0,1723.0,0.520603239,1724.0,0.5643368430000001,,,,,,,,,,,,,,,,,,,,,,,,,,,,,,,,
664,quinone__menFubiC_ale4,0.5189155755000001,0.11863653797695467,2.0,1725.0,0.43502687500000004,1726.0,0.6028042760000001,,,,,,,,,,,,,,,,,,,,,,,,,,,,,,,,
665,oxyR__wt_glc,0.7861149550000001,0.07461603877064305,2.0,1727.0,0.733353448,1728.0,0.8388764620000001,,,,,,,,,,,,,,,,,,,,,,,,,,,,,,,,
666,oxyR__wt_h2o2,1.047110628,0.28998191285327896,2.0,1729.0,0.8420624510000001,1730.0,1.252158805,,,,,,,,,,,,,,,,,,,,,,,,,,,,,,,,
667,oxyR__glu_ale4,0.4555401665,0.24959607543834098,2.0,1731.0,0.632031244,1732.0,0.27904908900000003,,,,,,,,,,,,,,,,,,,,,,,,,,,,,,,,
668,oxyR__glu_ale4_h2o2,0.9338242065,0.12058917941207575,2.0,1733.0,1.019093633,1734.0,0.8485547800000001,,,,,,,,,,,,,,,,,,,,,,,,,,,,,,,,
669,oxyR__oxyR_ale17,0.7731128060000001,0.2171940774521904,2.0,1735.0,0.619533401,1736.0,0.9266922110000001,,,,,,,,,,,,,,,,,,,,,,,,,,,,,,,,
670,oxyR__oxyR_ale17_h2o2,0.00796279300000001,0.2766452906472587,2.0,1737.0,0.20358055400000002,1738.0,-0.187654968,,,,,,,,,,,,,,,,,,,,,,,,,,,,,,,,
671,oxyR__oxyR_ale18,0.6327756455,0.08472850083471918,2.0,1739.0,0.5728635480000001,1740.0,0.692687743,,,,,,,,,,,,,,,,,,,,,,,,,,,,,,,,
672,oxyR__oxyR_ale18_h2o2,0.8173507595,0.17643717444011628,2.0,1741.0,0.942110682,1742.0,0.692590837,,,,,,,,,,,,,,,,,,,,,,,,,,,,,,,,
673,oxyR__oxyR_ale19,0.691873781,0.2389891166316183,2.0,1743.0,0.522882956,1744.0,0.860864606,,,,,,,,,,,,,,,,,,,,,,,,,,,,,,,,
674,oxyR__oxyR_ale19_h2o2,0.3973908975,0.04688658825243742,2.0,1745.0,0.364237073,1746.0,0.43054472200000005,,,,,,,,,,,,,,,,,,,,,,,,,,,,,,,,
675,oxyR__oxyR_ale20,0.9813893575,0.21310009394500024,2.0,1747.0,0.830704836,1748.0,1.132073879,,,,,,,,,,,,,,,,,,,,,,,,,,,,,,,,
676,oxyR__oxyR_ale20_h2o2,0.5609403470000001,0.0832678395492103,2.0,1749.0,0.619819601,1750.0,0.502061093,,,,,,,,,,,,,,,,,,,,,,,,,,,,,,,,
677,svns_pgi__BmePgi24_15,0.8619062165,0.019931393496680147,2.0,1751.0,0.87599984,1752.0,0.847812593,,,,,,,,,,,,,,,,,,,,,,,,,,,,,,,,
678,svns_pgi__BmePgi24_26,0.6086852315,0.0205888373401968,2.0,1753.0,0.623243738,1754.0,0.5941267250000001,,,,,,,,,,,,,,,,,,,,,,,,,,,,,,,,
679,svns_pgi__BmePgi24_41,0.5592843350000001,0.15160609380681112,2.0,1755.0,0.45208263800000004,1756.0,0.666486032,,,,,,,,,,,,,,,,,,,,,,,,,,,,,,,,
680,svns_pgi__BmePgi24_52,0.6620352805,0.10560250231895325,2.0,1757.0,0.736707526,1758.0,0.5873630350000001,,,,,,,,,,,,,,,,,,,,,,,,,,,,,,,,
681,svns_pgi__PaePgi2_34,0.8014025285,0.07903817639284619,2.0,1759.0,0.8572909590000001,1760.0,0.745514098,,,,,,,,,,,,,,,,,,,,,,,,,,,,,,,,
682,svns_pgi__PaePgi2_63,0.588217576,0.020423783768225602,2.0,1761.0,0.6026593720000001,1762.0,0.57377578,,,,,,,,,,,,,,,,,,,,,,,,,,,,,,,,
683,svns_pgi__PaePgi24_54,0.8637203665000001,0.05079543494085695,2.0,1763.0,0.8996381630000001,1764.0,0.82780257,,,,,,,,,,,,,,,,,,,,,,,,,,,,,,,,
684,svns_pgi__PaePgi24_90,0.5364881850000001,0.13044567447821678,2.0,1765.0,0.6287272060000001,1766.0,0.44424916400000003,,,,,,,,,,,,,,,,,,,,,,,,,,,,,,,,
685,abx_media__m9_ctrl,-0.8058165935000001,0.07926958274384364,2.0,1767.0,-0.861868653,1768.0,-0.7497645340000001,,,,,,,,,,,,,,,,,,,,,,,,,,,,,,,,
686,abx_media__rpmi_ctrl,-0.8767525475,0.48571692372073394,2.0,1769.0,-1.220206278,1770.0,-0.533298817,,,,,,,,,,,,,,,,,,,,,,,,,,,,,,,,
687,abx_media__camhb_ctrl,-2.2925562079999997,0.03707654161653914,2.0,1771.0,-2.318773282,1772.0,-2.266339134,,,,,,,,,,,,,,,,,,,,,,,,,,,,,,,,
688,abx_media__m9_mero,-1.200957443,0.2053252165908689,2.0,1773.0,-1.346144296,1774.0,-1.05577059,,,,,,,,,,,,,,,,,,,,,,,,,,,,,,,,
689,abx_media__rpmi_mero,-1.3497895395000001,0.2916078985326564,2.0,1775.0,-1.555987462,1776.0,-1.143591617,,,,,,,,,,,,,,,,,,,,,,,,,,,,,,,,
690,abx_media__camhb_mero,-2.272102168,0.14264319291457966,2.0,1777.0,-2.372966137,1778.0,-2.171238199,,,,,,,,,,,,,,,,,,,,,,,,,,,,,,,,
691,abx_media__m9_trisulf,-1.0391790745,0.24295335028710124,2.0,1779.0,-1.210973036,1780.0,-0.8673851130000001,,,,,,,,,,,,,,,,,,,,,,,,,,,,,,,,
692,abx_media__rpmi_trisulf,-0.7610950465,0.05128750065038967,2.0,1781.0,-0.797360786,1782.0,-0.724829307,,,,,,,,,,,,,,,,,,,,,,,,,,,,,,,,
693,abx_media__camhb_trisulf,-1.3721253155,0.11731472630031994,2.0,1783.0,-1.289171277,1784.0,-1.455079354,,,,,,,,,,,,,,,,,,,,,,,,,,,,,,,,
694,abx_media__m9_cef,-0.5128630185,0.13643217271671018,2.0,1785.0,-0.6093351330000001,1786.0,-0.416390904,,,,,,,,,,,,,,,,,,,,,,,,,,,,,,,,
695,abx_media__rpmi_cef,-0.3923203075,0.07630005387512528,2.0,1787.0,-0.44627259300000005,1788.0,-0.33836802200000005,,,,,,,,,,,,,,,,,,,,,,,,,,,,,,,,
696,abx_media__camhb_cef,-1.6200808945,0.08067010389050583,2.0,1789.0,-1.563038517,1790.0,-1.677123272,,,,,,,,,,,,,,,,,,,,,,,,,,,,,,,,
697,abx_media__m9_cipro,-0.806414464,0.004431639016021939,2.0,1791.0,-0.809548106,1792.0,-0.8032808220000001,,,,,,,,,,,,,,,,,,,,,,,,,,,,,,,,
698,abx_media__rpmi_cipro,-0.6842612920000001,0.04648748940696114,2.0,1793.0,-0.6513896730000001,1794.0,-0.7171329110000001,,,,,,,,,,,,,,,,,,,,,,,,,,,,,,,,
699,abx_media__camhb_cipro,-1.5486075655,0.031528146940679014,2.0,1795.0,-1.526313799,1796.0,-1.570901332,,,,,,,,,,,,,,,,,,,,,,,,,,,,,,,,
700,hot_tale__42c_ale3_30c,-0.671867984,0.07233369182823093,2.0,1797.0,-0.62072034,1798.0,-0.7230156280000001,,,,,,,,,,,,,,,,,,,,,,,,,,,,,,,,
701,hot_tale__42c_ale3_37c,0.667701361,0.04026413797393474,2.0,1799.0,0.6961724060000001,1800.0,0.639230316,,,,,,,,,,,,,,,,,,,,,,,,,,,,,,,,
702,hot_tale__42c_ale3_44c,3.050232901,0.11915900432833094,2.0,1801.0,3.134491041,1802.0,2.965974761,,,,,,,,,,,,,,,,,,,,,,,,,,,,,,,,
703,hot_tale__hot_ale3_mid_30c,-0.412752962,0.1797142869804762,2.0,1803.0,-0.539830153,1804.0,-0.285675771,,,,,,,,,,,,,,,,,,,,,,,,,,,,,,,,
704,hot_tale__hot_ale3_mid_37c,0.634117107,0.054134154866634476,2.0,1805.0,0.5958384790000001,1806.0,0.672395735,,,,,,,,,,,,,,,,,,,,,,,,,,,,,,,,
705,hot_tale__hot_ale3_mid_44c,2.939640873,0.11378302420603442,2.0,1807.0,2.859184125,1808.0,3.020097621,,,,,,,,,,,,,,,,,,,,,,,,,,,,,,,,
706,hot_tale__hot_ale3_30c,-0.5892483550000001,0.08033753106521722,2.0,1809.0,-0.532441142,1810.0,-0.6460555680000001,,,,,,,,,,,,,,,,,,,,,,,,,,,,,,,,
707,hot_tale__hot_ale3_37c,0.666144872,0.030641770912792087,2.0,1811.0,0.6444778680000001,1812.0,0.687811876,,,,,,,,,,,,,,,,,,,,,,,,,,,,,,,,
708,hot_tale__hot_ale3_44c,3.1400623010000004,0.2314405749657565,2.0,1813.0,2.9764091010000002,1814.0,3.303715501,,,,,,,,,,,,,,,,,,,,,,,,,,,,,,,,
709,hot_tale__hot_ale4_30c,-0.32503631450000003,0.038370372370735484,2.0,1815.0,-0.35216826500000004,1816.0,-0.29790436400000003,,,,,,,,,,,,,,,,,,,,,,,,,,,,,,,,
710,hot_tale__hot_ale4_37c,0.9227442840000001,0.004693606522102374,2.0,1817.0,0.9194254030000001,1818.0,0.9260631650000001,,,,,,,,,,,,,,,,,,,,,,,,,,,,,,,,
711,hot_tale__hot_ale4_44c,3.1828225210000003,0.11554366635107373,2.0,1819.0,3.101120811,1820.0,3.264524231,,,,,,,,,,,,,,,,,,,,,,,,,,,,,,,,
712,hot_tale__hot_ale8_30c,-0.6593602150000001,0.013331605990514502,2.0,1821.0,-0.6687870840000001,1822.0,-0.6499333460000001,,,,,,,,,,,,,,,,,,,,,,,,,,,,,,,,
713,hot_tale__hot_ale8_37c,0.7017814705000001,0.02320634299739651,2.0,1823.0,0.7181908330000001,1824.0,0.685372108,,,,,,,,,,,,,,,,,,,,,,,,,,,,,,,,
714,hot_tale__hot_ale8_44c,3.195528156,0.15771644109092242,2.0,1825.0,3.307050521,1826.0,3.084005791,,,,,,,,,,,,,,,,,,,,,,,,,,,,,,,,
715,hot_tale__hot_ale9_mid_30c,-0.35759875,0.03401699522614845,2.0,1827.0,-0.33354510200000004,1828.0,-0.381652398,,,,,,,,,,,,,,,,,,,,,,,,,,,,,,,,
716,hot_tale__hot_ale9_30c,-0.12701611950000002,0.041034776178090517,2.0,1829.0,-0.156032088,1830.0,-0.09800015100000001,,,,,,,,,,,,,,,,,,,,,,,,,,,,,,,,
717,hot_tale__hot_ale9_mid_37c,0.682533198,0.0837184744582198,2.0,1831.0,0.741731099,1832.0,0.623335297,,,,,,,,,,,,,,,,,,,,,,,,,,,,,,,,
718,hot_tale__hot_ale9_37c,0.5978269820000001,0.02013000211384597,2.0,1833.0,0.583592921,1834.0,0.6120610430000001,,,,,,,,,,,,,,,,,,,,,,,,,,,,,,,,
719,hot_tale__hot_ale9_mid_44c,3.1730745415,0.561829005278896,2.0,1835.0,2.775801442,1836.0,3.570347641,,,,,,,,,,,,,,,,,,,,,,,,,,,,,,,,
720,hot_tale__hot_ale9_44c,2.634798247,0.015309959242413011,2.0,1837.0,2.645624023,1838.0,2.623972471,,,,,,,,,,,,,,,,,,,,,,,,,,,,,,,,
721,hot_tale__hot_ale10_30c,-0.542827244,0.0012098455604745008,2.0,1839.0,-0.5419717540000001,1840.0,-0.543682734,,,,,,,,,,,,,,,,,,,,,,,,,,,,,,,,
722,hot_tale__hot_ale10_37c,0.431041612,0.10619461161720871,2.0,1841.0,0.355950682,1842.0,0.506132542,,,,,,,,,,,,,,,,,,,,,,,,,,,,,,,,
723,hot_tale__hot_ale10_44c,2.829433602,0.07535387358411291,2.0,1843.0,2.8827168370000003,1844.0,2.776150367,,,,,,,,,,,,,,,,,,,,,,,,,,,,,,,,
724,hot_tale__hot_ale16_30c,-0.4084973155,0.011697545151695897,2.0,1845.0,-0.416768729,1846.0,-0.400225902,,,,,,,,,,,,,,,,,,,,,,,,,,,,,,,,
725,hot_tale__hot_ale16_37c,0.737650471,0.04118057664662371,2.0,1847.0,0.7667695360000001,1848.0,0.7085314060000001,,,,,,,,,,,,,,,,,,,,,,,,,,,,,,,,
726,hot_tale__hot_ale16_44c,2.248224733,0.014882622087630179,2.0,1849.0,2.258748336,1850.0,2.23770113,,,,,,,,,,,,,,,,,,,,,,,,,,,,,,,,
727,pdhr_ale__pdhR-13_51,0.4606242015,0.06332711365723205,2.0,1851.0,0.505403233,1852.0,0.41584517,,,,,,,,,,,,,,,,,,,,,,,,,,,,,,,,
728,pdhr_ale__pdhR-14_46,0.6473705585,0.19037316298128726,2.0,1853.0,0.781984713,1854.0,0.512756404,,,,,,,,,,,,,,,,,,,,,,,,,,,,,,,,
729,pdhr_ale__pdhR-15_51,0.406470812,0.08286059978336224,2.0,1855.0,0.46506210400000003,1856.0,0.34787952,,,,,,,,,,,,,,,,,,,,,,,,,,,,,,,,
730,pdhr_ale__pdhR-16_49,0.591571795,0.1726987411930695,2.0,1857.0,0.46945534400000005,1858.0,0.713688246,,,,,,,,,,,,,,,,,,,,,,,,,,,,,,,,
731,tcs__del_atoC_LiAcet,0.5231302205,0.11249616411048696,2.0,1859.0,0.44358342,1860.0,0.6026770210000001,,,,,,,,,,,,,,,,,,,,,,,,,,,,,,,,
732,tcs__del_atoC_LiCl,0.6362849825000001,0.07994160571497487,2.0,1861.0,0.579757731,1862.0,0.692812234,,,,,,,,,,,,,,,,,,,,,,,,,,,,,,,,
733,tcs__del_atoC_m9,0.332547485,0.0024130655304093955,2.0,1863.0,0.33425378,1864.0,0.33084119,,,,,,,,,,,,,,,,,,,,,,,,,,,,,,,,
734,tcs__del_baeR_etoh,5.358043956,0.12593466414022006,2.0,1865.0,5.2689947010000004,1866.0,5.447093211,,,,,,,,,,,,,,,,,,,,,,,,,,,,,,,,
735,tcs__del_baeR_lb,1.511583404,0.024312036678749902,2.0,1867.0,1.5287746100000001,1868.0,1.494392198,,,,,,,,,,,,,,,,,,,,,,,,,,,,,,,,
736,tcs__del_btsR_01xlb,1.816065171,0.12501625405382533,2.0,1869.0,1.9044650120000002,1870.0,1.72766533,,,,,,,,,,,,,,,,,,,,,,,,,,,,,,,,
737,tcs__del_btsR_lb,3.918486926,0.017448786135661597,2.0,1871.0,3.906148771,1872.0,3.930825081,,,,,,,,,,,,,,,,,,,,,,,,,,,,,,,,
738,tcs__del_btsR_pyruvate,1.6696939545,0.04043934984192449,2.0,1873.0,1.698288893,1874.0,1.641099016,,,,,,,,,,,,,,,,,,,,,,,,,,,,,,,,
739,tcs__del_cpxR_etoh,5.249542906,0.008617361849896643,2.0,1875.0,5.255636301,1876.0,5.243449511,,,,,,,,,,,,,,,,,,,,,,,,,,,,,,,,
740,tcs__del_cpxR_lb,1.7764082185,0.11205278270283874,2.0,1877.0,1.6971749360000001,1878.0,1.855641501,,,,,,,,,,,,,,,,,,,,,,,,,,,,,,,,
741,tcs__del_cusR_CuSO4,4.746319716,0.011177498519724865,2.0,1879.0,4.754223401,1880.0,4.738416031,,,,,,,,,,,,,,,,,,,,,,,,,,,,,,,,
742,tcs__del_cusR_lb,1.4261383365,0.02618726901321416,2.0,1881.0,1.444655532,1882.0,1.407621141,,,,,,,,,,,,,,,,,,,,,,,,,,,,,,,,
743,tcs__del_kdpE_01-kcl,1.436317791,0.04569660461433951,2.0,1883.0,1.404005412,1884.0,1.46863017,,,,,,,,,,,,,,,,,,,,,,,,,,,,,,,,
744,tcs__del_kdpE_115-kcl,-0.5298369385000001,0.04149233931934207,2.0,1885.0,-0.5004974240000001,1886.0,-0.5591764530000001,,,,,,,,,,,,,,,,,,,,,,,,,,,,,,,,
745,tcs__del_phoB_m9,0.1440149215,0.02926936503885667,2.0,1887.0,0.16471148800000002,1888.0,0.123318355,,,,,,,,,,,,,,,,,,,,,,,,,,,,,,,,
746,tcs__del_phoB_m9p,2.7834430585,0.024227655505230098,2.0,1889.0,2.7663115190000003,1890.0,2.800574598,,,,,,,,,,,,,,,,,,,,,,,,,,,,,,,,
747,tcs__del_rcsB_etoh,6.041491181,0.027206527375848166,2.0,1891.0,6.022253261,1892.0,6.060729101,,,,,,,,,,,,,,,,,,,,,,,,,,,,,,,,
748,tcs__del_rcsB_lb,1.935895027,0.06686839846261612,2.0,1893.0,1.888611929,1894.0,1.983178125,,,,,,,,,,,,,,,,,,,,,,,,,,,,,,,,
749,tcs__del_zraR_lb,3.519532561,0.1382857760689515,2.0,1895.0,3.617315371,1896.0,3.421749751,,,,,,,,,,,,,,,,,,,,,,,,,,,,,,,,
750,tcs__del_zraR_zncl2,3.438590301,0.001565491987140045,2.0,1897.0,3.439697271,1898.0,3.437483331,,,,,,,,,,,,,,,,,,,,,,,,,,,,,,,,
751,tcs__wt_01-kcl,0.2735788825,0.054691570677777766,2.0,1899.0,0.312251663,1900.0,0.234906102,,,,,,,,,,,,,,,,,,,,,,,,,,,,,,,,
752,tcs__wt_01xlb,2.2058948915,0.05594126170537208,2.0,1901.0,2.245451337,1902.0,2.166338446,,,,,,,,,,,,,,,,,,,,,,,,,,,,,,,,
753,tcs__wt_115-kcl,-0.8055876515,0.06807949913762737,2.0,1903.0,-0.757448176,1904.0,-0.8537271270000001,,,,,,,,,,,,,,,,,,,,,,,,,,,,,,,,
754,tcs__wt_CuSO4,2.806731138,0.049942285860617795,2.0,1905.0,2.771416609,1906.0,2.842045667,,,,,,,,,,,,,,,,,,,,,,,,,,,,,,,,
755,tcs__wt_etoh,5.335773686,0.03927448546512131,2.0,1907.0,5.363544941,1908.0,5.308002431,,,,,,,,,,,,,,,,,,,,,,,,,,,,,,,,
756,tcs__wt_lb,1.866202313,0.01688165114181069,2.0,1909.0,1.854265183,1910.0,1.878139443,,,,,,,,,,,,,,,,,,,,,,,,,,,,,,,,
757,tcs__wt_LiAcet,0.36758335,0.09075661796413965,2.0,1911.0,0.43175797,1912.0,0.30340873,,,,,,,,,,,,,,,,,,,,,,,,,,,,,,,,
758,tcs__wt_LiCl,0.461447512,0.034902389082716256,2.0,1913.0,0.486127228,1914.0,0.43676779600000004,,,,,,,,,,,,,,,,,,,,,,,,,,,,,,,,
759,tcs__wt_m9p,2.0986279625,0.06005317956185357,2.0,1915.0,2.141091973,1916.0,2.056163952,,,,,,,,,,,,,,,,,,,,,,,,,,,,,,,,
760,tcs__wt_pyr,1.6569156500000002,0.002616262563478295,2.0,1917.0,1.6550656730000002,1918.0,1.6587656270000002,,,,,,,,,,,,,,,,,,,,,,,,,,,,,,,,
761,tcs__wt_zncl2,3.8591505809999997,0.006932814294007963,2.0,1919.0,3.854248341,1920.0,3.864052821,,,,,,,,,,,,,,,,,,,,,,,,,,,,,,,,
762,ros_tale__1_112_0pq,-0.3271423935,0.009462305663046438,2.0,1921.0,-0.320451533,1922.0,-0.333833254,,,,,,,,,,,,,,,,,,,,,,,,,,,,,,,,
763,ros_tale__1_112_250pq,0.37886022250000007,0.45399052171627985,2.0,1923.0,0.6998799990000001,1924.0,0.057840446000000004,,,,,,,,,,,,,,,,,,,,,,,,,,,,,,,,
764,ros_tale__1_112_750pq,-0.08726463200000001,0.2187818409397439,3.0,1925.0,0.127038322,1926.0,-0.078566306,1927.0,-0.31026591200000003,,,,,,,,,,,,,,,,,,,,,,,,,,,,,,
765,ros_tale__3_76_0pq,0.7926621840000001,0.0884815164293663,4.0,1928.0,0.8857547170000001,1929.0,0.8503961090000001,1930.0,0.70972565,1931.0,0.7247722600000001,,,,,,,,,,,,,,,,,,,,,,,,,,,,
766,ros_tale__3_76_250pq,-0.6344510565000001,0.37817716448889777,2.0,1932.0,-0.36703941900000003,1933.0,-0.9018626940000001,,,,,,,,,,,,,,,,,,,,,,,,,,,,,,,,
767,ros_tale__3_76_750pq,-1.490762801,0.2751469243068564,2.0,1934.0,-1.2962045450000002,1935.0,-1.685321057,,,,,,,,,,,,,,,,,,,,,,,,,,,,,,,,
768,ros_tale__7_103_0pq,-0.5984768152500001,0.11882185608041905,4.0,1936.0,-0.750963157,1937.0,-0.574255005,1938.0,-0.606077474,1939.0,-0.462611625,,,,,,,,,,,,,,,,,,,,,,,,,,,,
769,ros_tale__7_103_250pq,-0.5995796520000001,0.25444171486814604,2.0,1940.0,-0.7794971140000001,1941.0,-0.41966219,,,,,,,,,,,,,,,,,,,,,,,,,,,,,,,,
770,ros_tale__7_103_750pq,-0.7132679575,0.04429500371562253,2.0,1942.0,-0.7445892550000001,1943.0,-0.68194666,,,,,,,,,,,,,,,,,,,,,,,,,,,,,,,,
771,ros_tale__9_77_0pq,0.219808091,0.04078241188920538,2.0,1944.0,0.190970571,1945.0,0.24864561100000002,,,,,,,,,,,,,,,,,,,,,,,,,,,,,,,,
772,ros_tale__9_77_250pq,-0.29090472900000003,0.1247362864375229,2.0,1946.0,-0.20270285500000002,1947.0,-0.37910660300000004,,,,,,,,,,,,,,,,,,,,,,,,,,,,,,,,
773,ros_tale__9_77_750pq,0.09309520700000001,0.11143840802625743,2.0,1948.0,0.17189406100000001,1949.0,0.014296353000000001,,,,,,,,,,,,,,,,,,,,,,,,,,,,,,,,
774,ros_tale__11_83_0pq,-0.8355187015000001,0.0601190578722295,2.0,1950.0,-0.878029295,1951.0,-0.7930081080000001,,,,,,,,,,,,,,,,,,,,,,,,,,,,,,,,
775,ros_tale__11_83_250pq,-0.6906696860000001,0.009057566933883446,2.0,1952.0,-0.6970743530000001,1953.0,-0.684265019,,,,,,,,,,,,,,,,,,,,,,,,,,,,,,,,
776,ros_tale__11_83_750pq,-0.730267683,0.15638401432728863,2.0,1954.0,-0.84084788,1955.0,-0.619687486,,,,,,,,,,,,,,,,,,,,,,,,,,,,,,,,
777,ros_tale__13_87_0pq,-1.0395637745,0.0360967680965659,2.0,1956.0,-1.065088044,1957.0,-1.014039505,,,,,,,,,,,,,,,,,,,,,,,,,,,,,,,,
778,ros_tale__13_87_250pq,0.001556863999999998,0.07719095255798461,2.0,1958.0,-0.053025382,1959.0,0.05613911,,,,,,,,,,,,,,,,,,,,,,,,,,,,,,,,
779,ros_tale__13_87_750pq,0.298064066,0.1467667115649129,2.0,1960.0,0.194284329,1961.0,0.401843803,,,,,,,,,,,,,,,,,,,,,,,,,,,,,,,,
780,ros_tale__14_27_0pq,-0.5407311405,0.047298828677442006,2.0,1962.0,-0.574176463,1963.0,-0.507285818,,,,,,,,,,,,,,,,,,,,,,,,,,,,,,,,
781,ros_tale__14_27_250pq,1.109169091,0.3598424718442521,2.0,1964.0,1.363616143,1965.0,0.8547220390000001,,,,,,,,,,,,,,,,,,,,,,,,,,,,,,,,
782,ros_tale__14_27_750pq,2.2892501865000003,0.18746390648038358,2.0,1966.0,2.421807186,1967.0,2.156693187,,,,,,,,,,,,,,,,,,,,,,,,,,,,,,,,
783,ros_tale__16_28_250pq,0.6593467125000001,0.0052535877166477955,2.0,1968.0,0.655631865,1969.0,0.66306156,,,,,,,,,,,,,,,,,,,,,,,,,,,,,,,,
784,ros_tale__16_32_0pq,0.22347523550000004,0.05331395792122115,4.0,1970.0,0.294328847,1971.0,0.193269099,1972.0,0.232886837,1973.0,0.17341615900000001,,,,,,,,,,,,,,,,,,,,,,,,,,,,
785,ros_tale__16_32_250pq,0.347039196,0.033815704552961644,2.0,1974.0,0.37095051,1975.0,0.32312788200000003,,,,,,,,,,,,,,,,,,,,,,,,,,,,,,,,
786,ros_tale__16_32_750pq,-0.5263947985,0.39086958837562646,2.0,1976.0,-0.802781335,1977.0,-0.25000826200000004,,,,,,,,,,,,,,,,,,,,,,,,,,,,,,,,
787,ros_tale__17_104_0pq,0.4833778940000001,0.06846308123189729,2.0,1978.0,0.43496718500000003,1979.0,0.5317886030000001,,,,,,,,,,,,,,,,,,,,,,,,,,,,,,,,
788,ros_tale__17_104_250pq,0.4236162600000001,0.0871076477136884,4.0,1980.0,0.402008756,1981.0,0.5475447360000001,1982.0,0.40163868700000005,1983.0,0.34327286100000004,,,,,,,,,,,,,,,,,,,,,,,,,,,,
789,ros_tale__17_104_750pq,0.61942512,0.13254668388659363,2.0,1984.0,0.7131497790000001,1985.0,0.525700461,,,,,,,,,,,,,,,,,,,,,,,,,,,,,,,,
790,ros_tale__18_24_250pq,1.0024208635,0.03068443844307556,2.0,1986.0,0.9807236890000001,1987.0,1.024118038,,,,,,,,,,,,,,,,,,,,,,,,,,,,,,,,
791,ros_tale__18_36_0pq,-0.532246558,0.12722888794248158,4.0,1988.0,-0.550838673,1989.0,-0.446586197,1990.0,-0.704757533,1991.0,-0.426803829,,,,,,,,,,,,,,,,,,,,,,,,,,,,
792,ros_tale__18_36_250pq,-0.498547685,0.03400386849586254,2.0,1992.0,-0.5225920510000001,1993.0,-0.47450331900000003,,,,,,,,,,,,,,,,,,,,,,,,,,,,,,,,
793,ros_tale__18_36_750pq,-0.6316016630000001,0.051668091682975176,2.0,1994.0,-0.6681365210000001,1995.0,-0.5950668050000001,,,,,,,,,,,,,,,,,,,,,,,,,,,,,,,,
794,ros_tale__19_91_0pq,-0.20562302600000001,0.167785515790012,2.0,1996.0,-0.08698075,1997.0,-0.32426530200000003,,,,,,,,,,,,,,,,,,,,,,,,,,,,,,,,
795,ros_tale__19_91_250pq,0.24024257400000001,0.18625672883379446,2.0,1998.0,0.37194597,1999.0,0.108539178,,,,,,,,,,,,,,,,,,,,,,,,,,,,,,,,
796,ros_tale__19_91_750pq,-0.051726074250000004,0.09616722651241975,4.0,2000.0,-0.036771706,2001.0,-0.063696997,2002.0,0.063771561,2003.0,-0.170207155,,,,,,,,,,,,,,,,,,,,,,,,,,,,
797,ros_tale__21_97_0pq,-0.698545725,0.3041614459404533,2.0,2004.0,-0.48347110400000004,2005.0,-0.9136203460000001,,,,,,,,,,,,,,,,,,,,,,,,,,,,,,,,
798,ros_tale__21_97_250pq,0.48440913900000004,0.478283619954109,2.0,2006.0,0.8226067300000001,2007.0,0.146211548,,,,,,,,,,,,,,,,,,,,,,,,,,,,,,,,
799,ros_tale__21_97_750pq,0.324218122,0.48533834369983414,2.0,2008.0,0.667404156,2009.0,-0.018967912,,,,,,,,,,,,,,,,,,,,,,,,,,,,,,,,
800,ros_tale__25_111_0pq,-1.013938529,0.36181899651801464,2.0,2010.0,-1.269783195,2011.0,-0.758093863,,,,,,,,,,,,,,,,,,,,,,,,,,,,,,,,
801,ros_tale__25_111_250pq,-1.0045149905000001,0.20351768124542186,2.0,2012.0,-1.148423723,2013.0,-0.860606258,,,,,,,,,,,,,,,,,,,,,,,,,,,,,,,,
802,ros_tale__25_111_750pq,-0.7271488275,0.2613218560709164,2.0,2014.0,-0.911931284,2015.0,-0.5423663710000001,,,,,,,,,,,,,,,,,,,,,,,,,,,,,,,,
803,ros_tale__29_119_0pq,-0.426268356,0.10899030252641305,2.0,2016.0,-0.34920057400000004,2017.0,-0.503336138,,,,,,,,,,,,,,,,,,,,,,,,,,,,,,,,
804,ros_tale__29_119_250pq,-0.576668767,0.06831841708396146,2.0,2018.0,-0.528360351,2019.0,-0.624977183,,,,,,,,,,,,,,,,,,,,,,,,,,,,,,,,
805,ros_tale__29_119_750pq,-0.402195271,0.291141321901265,2.0,2020.0,-0.196327268,2021.0,-0.608063274,,,,,,,,,,,,,,,,,,,,,,,,,,,,,,,,
806,ros_tale__ALE4_0pq,0.115560114,0.07404083003156474,2.0,2022.0,0.063205341,2023.0,0.167914887,,,,,,,,,,,,,,,,,,,,,,,,,,,,,,,,
807,ros_tale__ALE4_250pq,0.9049545705,0.01804311009235543,2.0,2024.0,0.917712976,2025.0,0.8921961650000001,,,,,,,,,,,,,,,,,,,,,,,,,,,,,,,,
808,pcoli__atASMT_325G,1.807790687,0.017377898680847315,2.0,2026.0,1.820078717,2027.0,1.7955026570000001,,,,,,,,,,,,,,,,,,,,,,,,,,,,,,,,
809,pcoli__bpTDC,3.374179061,0.05043678118905073,2.0,2028.0,3.338514871,2029.0,3.409843251,,,,,,,,,,,,,,,,,,,,,,,,,,,,,,,,
810,pcoli__BRCA,2.947934306,0.040000613418721964,2.0,2030.0,2.976219011,2031.0,2.919649601,,,,,,,,,,,,,,,,,,,,,,,,,,,,,,,,
811,pcoli__BRCActrl,3.462058061,0.11546036917224968,2.0,2032.0,3.380415251,2033.0,3.543700871,,,,,,,,,,,,,,,,,,,,,,,,,,,,,,,,
812,pcoli__BRCAswap,2.025312696,0.085495367331304,2.0,2034.0,2.08576705,2035.0,1.964858342,,,,,,,,,,,,,,,,,,,,,,,,,,,,,,,,
813,pcoli__btAANAT,1.7843520865,0.1573372289165605,2.0,2036.0,1.895606308,2037.0,1.673097865,,,,,,,,,,,,,,,,,,,,,,,,,,,,,,,,
814,pcoli__btASMT,2.0487200715,0.07593052694234474,2.0,2038.0,1.9950290810000002,2039.0,2.102411062,,,,,,,,,,,,,,,,,,,,,,,,,,,,,,,,
815,pcoli__CC1,-0.0094257995,0.013200213529754756,2.0,2040.0,-0.01875976,2041.0,-9.1839e-05,,,,,,,,,,,,,,,,,,,,,,,,,,,,,,,,
816,pcoli__ccCOMT,2.273129928,0.004104513034268559,2.0,2042.0,2.270227599,2043.0,2.276032257,,,,,,,,,,,,,,,,,,,,,,,,,,,,,,,,
817,pcoli__ckDDC,0.448942394,0.13805133905828978,2.0,2044.0,0.546559432,2045.0,0.35132535600000003,,,,,,,,,,,,,,,,,,,,,,,,,,,,,,,,
818,pcoli__CNTF_belt,2.1865038465,0.2906758200721812,2.0,2046.0,2.3920426900000002,2047.0,1.9809650030000001,,,,,,,,,,,,,,,,,,,,,,,,,,,,,,,,
819,pcoli__cobPNMT,0.936190867,0.10462314599198105,2.0,2048.0,1.010170603,2049.0,0.862211131,,,,,,,,,,,,,,,,,,,,,,,,,,,,,,,,
820,pcoli__cvPhhB,0.551013234,0.23076185003655336,2.0,2050.0,0.7141865030000001,2051.0,0.387839965,,,,,,,,,,,,,,,,,,,,,,,,,,,,,,,,
821,pcoli__ggAANAT,2.199221596,0.01433826158898799,2.0,2052.0,2.189082914,2053.0,2.209360278,,,,,,,,,,,,,,,,,,,,,,,,,,,,,,,,
822,pcoli__ggTPH,1.7711052545000001,0.32647275438742734,2.0,2054.0,1.540254156,2055.0,2.001956353,,,,,,,,,,,,,,,,,,,,,,,,,,,,,,,,
823,pcoli__hsAANAT,0.029446235,0.009330419641753419,2.0,2056.0,0.022848632,2057.0,0.036043838,,,,,,,,,,,,,,,,,,,,,,,,,,,,,,,,
824,pcoli__hsASMT,2.516409724,0.0023189340614843683,2.0,2058.0,2.518049458,2059.0,2.51476999,,,,,,,,,,,,,,,,,,,,,,,,,,,,,,,,
825,pcoli__hsPNMT_mb,2.4696743675,0.02212399727485141,2.0,2060.0,2.4853183960000003,2061.0,2.454030339,,,,,,,,,,,,,,,,,,,,,,,,,,,,,,,,
826,pcoli__hsTPH,2.4917145495,0.018740792554362336,2.0,2062.0,2.478462808,2063.0,2.504966291,,,,,,,,,,,,,,,,,,,,,,,,,,,,,,,,
827,pcoli__hsTPH_E2K,1.513213191,0.05938219674479735,2.0,2064.0,1.5552027449999999,2065.0,1.471223637,,,,,,,,,,,,,,,,,,,,,,,,,,,,,,,,
828,pcoli__hsTPH_E2K_N91I_P99C,2.9083073515000004,0.0474707645197147,2.0,2066.0,2.941874251,2067.0,2.874740452,,,,,,,,,,,,,,,,,,,,,,,,,,,,,,,,
829,pcoli__hsTPH_N158trunc,2.334924628,0.09502210385714578,2.0,2068.0,2.267733854,2069.0,2.402115402,,,,,,,,,,,,,,,,,,,,,,,,,,,,,,,,
830,pcoli__hsTPH_N174trunc,1.808259314,0.30857609176630985,2.0,2070.0,1.590063067,2071.0,2.026455561,,,,,,,,,,,,,,,,,,,,,,,,,,,,,,,,
831,pcoli__hsTPH_Ntermtrunc,0.732426644,0.07585674812790279,2.0,2072.0,0.7860654650000001,2073.0,0.6787878230000001,,,,,,,,,,,,,,,,,,,,,,,,,,,,,,,,
832,pcoli__hsTPH1,0.7649669355,0.041733294440312756,2.0,2074.0,0.794476831,2075.0,0.73545704,,,,,,,,,,,,,,,,,,,,,,,,,,,,,,,,
833,pcoli__MBP,0.253790691,0.19698304797228822,2.0,2076.0,0.114502642,2077.0,0.39307874,,,,,,,,,,,,,,,,,,,,,,,,,,,,,,,,
834,pcoli__msCOMT,2.984710171,0.01909119012739113,2.0,2078.0,2.998209681,2079.0,2.971210661,,,,,,,,,,,,,,,,,,,,,,,,,,,,,,,,
835,pcoli__ocAANAT,2.3156214540000004,0.01876585312579443,2.0,2080.0,2.328890916,2081.0,2.302351992,,,,,,,,,,,,,,,,,,,,,,,,,,,,,,,,
836,pcoli__osTDC_K374H,0.031349805,0.1095845083962747,2.0,2082.0,-0.046138144000000006,2083.0,0.10883775400000001,,,,,,,,,,,,,,,,,,,,,,,,,,,,,,,,
837,pcoli__osTDC_K374L,3.144315111,0.015675143125343204,2.0,2084.0,3.133231111,2085.0,3.155399111,,,,,,,,,,,,,,,,,,,,,,,,,,,,,,,,
838,pcoli__osTDC_K374Q,2.1068875934999998,0.02816146589145265,2.0,2086.0,2.126800757,2087.0,2.08697443,,,,,,,,,,,,,,,,,,,,,,,,,,,,,,,,
839,pcoli__osTDC_L360V,3.138256966,0.09935057457957866,2.0,2088.0,3.068005501,2089.0,3.208508431,,,,,,,,,,,,,,,,,,,,,,,,,,,,,,,,
840,pcoli__pmTPH,2.8377581965000003,0.07892142174956361,2.0,2090.0,2.781952324,2091.0,2.893564069,,,,,,,,,,,,,,,,,,,,,,,,,,,,,,,,
841,pcoli__RFC,0.6734989554999999,0.0466761603454241,2.0,2092.0,0.706503985,2093.0,0.640493926,,,,,,,,,,,,,,,,,,,,,,,,,,,,,,,,
842,pcoli__RFCctrl,0.12389515150000002,0.007775621230465164,2.0,2094.0,0.12939334600000002,2095.0,0.11839695700000001,,,,,,,,,,,,,,,,,,,,,,,,,,,,,,,,
843,pcoli__RFCnopause,-0.1799560275,0.00966656477050067,2.0,2096.0,-0.173120734,2097.0,-0.186791321,,,,,,,,,,,,,,,,,,,,,,,,,,,,,,,,
844,pcoli__RFCpluspause,0.23000746800000002,0.0775498799601149,2.0,2098.0,0.17517142200000002,2099.0,0.284843514,,,,,,,,,,,,,,,,,,,,,,,,,,,,,,,,
845,pcoli__rnCOMT_sol,0.1421875115,0.12693795461752194,2.0,2100.0,0.052428823000000006,2101.0,0.2319462,,,,,,,,,,,,,,,,,,,,,,,,,,,,,,,,
846,pcoli__rnPNMT,2.454335853,0.06322105400401501,2.0,2102.0,2.409631817,2103.0,2.499039889,,,,,,,,,,,,,,,,,,,,,,,,,,,,,,,,
847,pcoli__rnTDC,3.0258224709999997,0.03160376988960651,2.0,2104.0,3.048169711,2105.0,3.003475231,,,,,,,,,,,,,,,,,,,,,,,,,,,,,,,,
848,pcoli__rnTDC_trunc,2.7238056375,0.07888810853488845,2.0,2106.0,2.779587954,2107.0,2.668023321,,,,,,,,,,,,,,,,,,,,,,,,,,,,,,,,
849,pcoli__saCOMT_T2A,1.682183322,0.0588994747442712,2.0,2108.0,1.72383154,2109.0,1.640535104,,,,,,,,,,,,,,,,,,,,,,,,,,,,,,,,
850,pcoli__sfCOMT,2.100953246,0.04574877353844187,2.0,2110.0,2.133302514,2111.0,2.068603978,,,,,,,,,,,,,,,,,,,,,,,,,,,,,,,,
851,pcoli__sgAANAT_D63G,2.058233012,0.06761410761720106,2.0,2112.0,2.106043406,2113.0,2.010422618,,,,,,,,,,,,,,,,,,,,,,,,,,,,,,,,
852,pcoli__ssDDC,3.2614025460000002,0.05621731548564087,2.0,2114.0,3.221650901,2115.0,3.301154191,,,,,,,,,,,,,,,,,,,,,,,,,,,,,,,,
853,pcoli__TP53B,3.587843296,0.022635541654885613,2.0,2116.0,3.5718375509999998,2117.0,3.603849041,,,,,,,,,,,,,,,,,,,,,,,,,,,,,,,,
854,pcoli__WT,0.2386090395,0.06133031764626647,2.0,2118.0,0.281976123,2119.0,0.19524195600000002,,,,,,,,,,,,,,,,,,,,,,,,,,,,,,,,
855,cck__glu_ale4,0.5001073085000001,0.009007337603681862,2.0,2120.0,0.5064764580000001,2121.0,0.493738159,,,,,,,,,,,,,,,,,,,,,,,,,,,,,,,,
856,cck__cck_ale1,0.67695992,0.019414455306119145,2.0,2122.0,0.663231827,2123.0,0.690688013,,,,,,,,,,,,,,,,,,,,,,,,,,,,,,,,
857,cck__cck_ale2,0.482253729,0.06458753503023097,2.0,2124.0,0.436583445,2125.0,0.527924013,,,,,,,,,,,,,,,,,,,,,,,,,,,,,,,,
858,cck_pgi__gmos_delpgi,0.253683606,0.029675377974439365,2.0,2126.0,0.274667267,2127.0,0.23269994500000002,,,,,,,,,,,,,,,,,,,,,,,,,,,,,,,,
859,cck_pgi__pgi_ale1,1.0164082165,0.014861310596352048,2.0,2128.0,1.005899683,2129.0,1.02691675,,,,,,,,,,,,,,,,,,,,,,,,,,,,,,,,
860,cck_pgi__pgi_ale2,0.7388871840000001,,1.0,2130.0,0.7388871840000001,,,,,,,,,,,,,,,,,,,,,,,,,,,,,,,,,,
861,cck_pgi__pgi_ale3,0.9527666290000001,0.24778316466714337,2.0,2131.0,1.127975785,2132.0,0.777557473,,,,,,,,,,,,,,,,,,,,,,,,,,,,,,,,
862,cck_pgi__pgi_ale4,0.8639615403333334,0.18111103332667813,3.0,2133.0,1.061620164,2134.0,0.7059755910000001,2135.0,0.8242888660000001,,,,,,,,,,,,,,,,,,,,,,,,,,,,,,
863,cck_pgi__pgi_ale5,1.0942320155,0.03921163003623526,2.0,2136.0,1.121958825,2137.0,1.066505206,,,,,,,,,,,,,,,,,,,,,,,,,,,,,,,,
864,cck_pgi__pgi_ale6,0.29538683,0.004174092341537471,2.0,2138.0,0.29243530100000004,2139.0,0.298338359,,,,,,,,,,,,,,,,,,,,,,,,,,,,,,,,
865,cck_pgi__pgi_ale7,0.2815024395,0.02568610283940741,2.0,2140.0,0.299665257,2141.0,0.263339622,,,,,,,,,,,,,,,,,,,,,,,,,,,,,,,,
866,cck_pgi__pgi_ale8,0.21676532400000004,0.066333402886184,2.0,2142.0,0.26367012300000003,2143.0,0.169860525,,,,,,,,,,,,,,,,,,,,,,,,,,,,,,,,
867,cck_sdh__gmos_delsdhCB,1.2081486250000002,0.2149116060589848,2.0,2144.0,1.056183171,2145.0,1.3601140790000001,,,,,,,,,,,,,,,,,,,,,,,,,,,,,,,,
868,cck_sdh__sdh_ale1,1.054981803,0.07234939808405447,2.0,2146.0,1.106140553,2147.0,1.003823053,,,,,,,,,,,,,,,,,,,,,,,,,,,,,,,,
869,cck_sdh__sdh_ale2,0.9502085950000001,,1.0,2148.0,0.9502085950000001,,,,,,,,,,,,,,,,,,,,,,,,,,,,,,,,,,
870,cck_sdh__sdh_ale3,0.870943205,0.1294004252255063,3.0,2149.0,1.018278397,2150.0,0.7757413120000001,2151.0,0.818809906,,,,,,,,,,,,,,,,,,,,,,,,,,,,,,
871,cck_pts__gmos_delptsHIcrr,0.7762084850000001,0.2341258582221465,2.0,2152.0,0.6106565030000001,2153.0,0.941760467,,,,,,,,,,,,,,,,,,,,,,,,,,,,,,,,
872,cck_pts__pts_ale1,1.398677981,0.11801892050867473,2.0,2154.0,1.48212996,2155.0,1.315226002,,,,,,,,,,,,,,,,,,,,,,,,,,,,,,,,
873,cck_pts__pts_ale2,0.26510636900000006,0.0059356169558395545,2.0,2156.0,0.26090925400000003,2157.0,0.26930348400000004,,,,,,,,,,,,,,,,,,,,,,,,,,,,,,,,
874,cck_pts__pts_ale3,0.484418919,0.16471895207192488,2.0,2158.0,0.36794503100000003,2159.0,0.600892807,,,,,,,,,,,,,,,,,,,,,,,,,,,,,,,,
875,cck_pts__pts_ale4,0.2714827705,0.06831982634777632,2.0,2160.0,0.319792183,2161.0,0.22317335800000002,,,,,,,,,,,,,,,,,,,,,,,,,,,,,,,,
876,cck_gnd__gmos_delgnd,1.337638562,0.3763943651528701,2.0,2162.0,1.071487554,2163.0,1.60378957,,,,,,,,,,,,,,,,,,,,,,,,,,,,,,,,
877,cck_gnd__gnd_ale1,0.5412582295000001,0.028418442637871702,2.0,2164.0,0.5211633560000001,2165.0,0.5613531030000001,,,,,,,,,,,,,,,,,,,,,,,,,,,,,,,,
878,cck_gnd__gnd_ale2,0.335806045,0.1263340917903497,2.0,2166.0,0.42513773800000004,2167.0,0.246474352,,,,,,,,,,,,,,,,,,,,,,,,,,,,,,,,
879,cck_gnd__gnd_ale3,0.624037583,0.005880492325391781,2.0,2168.0,0.628195719,2169.0,0.6198794470000001,,,,,,,,,,,,,,,,,,,,,,,,,,,,,,,,
880,cck_tpiA__gmos_deltpiA,0.8930026065000001,0.6336783190625193,2.0,2170.0,1.341080843,2171.0,0.44492437,,,,,,,,,,,,,,,,,,,,,,,,,,,,,,,,
881,cck_tpiA__tpiA_ale1,0.38713411200000003,0.010414295543373156,2.0,2172.0,0.37977009300000003,2173.0,0.39449813100000003,,,,,,,,,,,,,,,,,,,,,,,,,,,,,,,,
882,cck_tpiA__tpiA_ale2,0.24280720800000002,0.013388733147366562,2.0,2174.0,0.23333994400000002,2175.0,0.252274472,,,,,,,,,,,,,,,,,,,,,,,,,,,,,,,,
883,cck_tpiA__tpiA_ale3,0.270546079,0.057358286017200485,2.0,2176.0,0.311104512,2177.0,0.22998764600000002,,,,,,,,,,,,,,,,,,,,,,,,,,,,,,,,
884,cck_tpiA__tpiA_ale4,0.4187942145,0.002997720508977546,2.0,2178.0,0.416674506,2179.0,0.420913923,,,,,,,,,,,,,,,,,,,,,,,,,,,,,,,,
885,acid_tale__acid_ale1_pH7,0.5638471295,0.08259268480214522,2.0,2180.0,0.505445282,2181.0,0.622248977,,,,,,,,,,,,,,,,,,,,,,,,,,,,,,,,
886,acid_tale__acid_ale1_pH5,0.1221820705,0.07117405862739513,2.0,2182.0,0.071854411,2183.0,0.17250973,,,,,,,,,,,,,,,,,,,,,,,,,,,,,,,,
887,acid_tale__acid_ale2_pH7,0.19969500100000004,0.10510844044697727,2.0,2184.0,0.12537211,2185.0,0.27401789200000004,,,,,,,,,,,,,,,,,,,,,,,,,,,,,,,,
888,acid_tale__acid_ale2_pH5,0.41388941850000005,0.0692969941792608,2.0,2186.0,0.364889044,2187.0,0.46288979300000005,,,,,,,,,,,,,,,,,,,,,,,,,,,,,,,,
889,acid_tale__low_Mg_ale_pH7,-0.292535786,0.08232057809192939,2.0,2188.0,-0.35074522500000005,2189.0,-0.23432634700000002,,,,,,,,,,,,,,,,,,,,,,,,,,,,,,,,
890,acid_tale__low_Mg_ale_pH5,0.2908851375,0.12946044350810643,2.0,2190.0,0.19934278,2191.0,0.382427495,,,,,,,,,,,,,,,,,,,,,,,,,,,,,,,,
891,acid_tale__MES_ale_pH7,0.49430733150000006,0.12003732216733944,2.0,2192.0,0.579186536,2193.0,0.40942812700000003,,,,,,,,,,,,,,,,,,,,,,,,,,,,,,,,
892,acid_tale__MES_ale_pH5,0.685136586,0.20076395075971976,2.0,2194.0,0.827098137,2195.0,0.5431750350000001,,,,,,,,,,,,,,,,,,,,,,,,,,,,,,,,
893,acid_tale__gmos_pH7,0.28441631900000003,0.07829639521643057,2.0,2196.0,0.33978023100000004,2197.0,0.229052407,,,,,,,,,,,,,,,,,,,,,,,,,,,,,,,,
894,acid_tale__gmos_pH5,0.27879833900000006,0.17700738039871763,2.0,2198.0,0.40396145800000005,2199.0,0.15363522000000002,,,,,,,,,,,,,,,,,,,,,,,,,,,,,,,,
895,adnB__wt_adn,-0.310279281,0.2580587781859495,2.0,2200.0,-0.492754393,2201.0,-0.127804169,,,,,,,,,,,,,,,,,,,,,,,,,,,,,,,,
896,adnB__delydhB_adn,0.11344015200000002,0.2550999351149084,2.0,2202.0,-0.066942742,2203.0,0.29382304600000003,,,,,,,,,,,,,,,,,,,,,,,,,,,,,,,,
897,ytf2__wt_glc,-0.0660022185,0.03792225051922632,2.0,2204.0,-0.039187138,2205.0,-0.092817299,,,,,,,,,,,,,,,,,,,,,,,,,,,,,,,,
898,ytf2__ybcM_glc,0.895115629,0.018816602179480207,2.0,2206.0,0.881810282,2207.0,0.908420976,,,,,,,,,,,,,,,,,,,,,,,,,,,,,,,,
899,ytf2__ydhB_glc,0.7593146485000001,0.05823417423730882,2.0,2208.0,0.8004924280000001,2209.0,0.7181368690000001,,,,,,,,,,,,,,,,,,,,,,,,,,,,,,,,
900,ytf2__yfeC_glc,0.536022973,0.04310013538388029,2.0,2210.0,0.505546575,2211.0,0.566499371,,,,,,,,,,,,,,,,,,,,,,,,,,,,,,,,
901,ytf2__yciT_glc,0.0775539435,0.02589901269122267,2.0,2212.0,0.09586731100000001,2213.0,0.059240576,,,,,,,,,,,,,,,,,,,,,,,,,,,,,,,,
902,ytf2__ydiZ_glc,0.1250895445,0.007624185827992679,2.0,2214.0,0.130480658,2215.0,0.11969843100000001,,,,,,,,,,,,,,,,,,,,,,,,,,,,,,,,
903,ytf2__ynfL_glc,0.2235908835,0.016947708350202404,2.0,2216.0,0.235574723,2217.0,0.21160704400000002,,,,,,,,,,,,,,,,,,,,,,,,,,,,,,,,
904,misc2__dellon_glc,1.015734339,0.2304959835436815,2.0,2218.0,1.178719612,2219.0,0.852749066,,,,,,,,,,,,,,,,,,,,,,,,,,,,,,,,
905,ytf3__wt_glc2,0.7839056675,0.0298050648936429,2.0,2220.0,0.8049810310000001,2221.0,0.7628303040000001,,,,,,,,,,,,,,,,,,,,,,,,,,,,,,,,
906,ytf3__wt_pH7_lactate,0.7928427255000001,0.021262219370561483,2.0,2222.0,0.8078773850000001,2223.0,0.7778080660000001,,,,,,,,,,,,,,,,,,,,,,,,,,,,,,,,
907,ytf3__wt_pH55_lactate,0.9378262860000001,0.035731825337048106,2.0,2224.0,0.9125600700000001,2225.0,0.9630925020000001,,,,,,,,,,,,,,,,,,,,,,,,,,,,,,,,
908,ytf3__wt_pH55_HCl,1.1217904265,0.016853175244625502,2.0,2226.0,1.133707421,2227.0,1.109873432,,,,,,,,,,,,,,,,,,,,,,,,,,,,,,,,
909,ytf3__dyieP_pH7,0.9057855845,0.00988977716811782,2.0,2228.0,0.898792456,2229.0,0.912778713,,,,,,,,,,,,,,,,,,,,,,,,,,,,,,,,
910,ytf3__dyieP_pH55,0.856229742,0.029757265182341487,2.0,2230.0,0.877271306,2231.0,0.835188178,,,,,,,,,,,,,,,,,,,,,,,,,,,,,,,,
