,condition,X_avg,X_std,n,rep1_idx,rep1_X,rep2_idx,rep2_X,rep3_idx,rep3_X,rep4_idx,rep4_X,rep5_idx,rep5_X,rep6_idx,rep6_X
0,control__wt_glc,0.0,0.09497387493202793,2.0,0.0,-0.067156671,1.0,0.067156671,,,,,,,,
1,fur__wt_dpd,0.713272495,0.09710294233748225,2.0,2.0,0.644610346,3.0,0.781934644,,,,,,,,
2,fur__wt_fe,-0.4392333085,0.19800760680735452,2.0,4.0,-0.57924583,5.0,-0.29922078700000004,,,,,,,,
3,fur__delfur_dpd,0.6446340509999999,0.14724176287107674,2.0,6.0,0.7487497,7.0,0.540518402,,,,,,,,
4,fur__delfur_fe2,0.033211844000000004,0.12599749199194213,2.0,8.0,-0.055881837000000004,9.0,0.12230552500000001,,,,,,,,
5,acid__wt_ph5,-0.15891857650000002,0.047458537229254395,2.0,10.0,-0.19247683000000002,11.0,-0.125360323,,,,,,,,
6,acid__delgadx_ph5,-0.28251153700000003,,1.0,12.0,-0.28251153700000003,,,,,,,,,,
7,acid__delgadw_ph5,-0.204699071,0.03478299975956718,2.0,13.0,-0.22929436600000003,14.0,-0.18010377600000002,,,,,,,,
8,acid__delgade_ph5,-0.1844724825,0.05843463052449383,2.0,15.0,-0.143152959,16.0,-0.22579200600000002,,,,,,,,
9,oxidative__wt_pq,-0.2925184785,0.18082897081744545,2.0,17.0,-0.42038387,18.0,-0.164653087,,,,,,,,
10,oxidative__deloxyr_pq,-0.057975989000000006,0.03705363984210998,2.0,19.0,-0.031775109,20.0,-0.084176869,,,,,,,,
11,oxidative__delsoxr_pq,-0.25408539750000003,0.04372925889370365,2.0,21.0,-0.223164142,22.0,-0.285006653,,,,,,,,
12,oxidative__delsoxs_pq,-0.251066257,0.05653924706097923,2.0,23.0,-0.291045542,24.0,-0.211086972,,,,,,,,
13,nac_ntrc__wt_csn,0.5954456235000001,0.07688945141887485,2.0,25.0,0.6498146760000001,26.0,0.5410765710000001,,,,,,,,
14,nac_ntrc__wt_cytd,-0.0028861514999999963,0.1695968836542131,2.0,27.0,0.11703695500000001,28.0,-0.122809258,,,,,,,,
15,nac_ntrc__wt_gln,0.018381248000000003,0.1039768772640343,2.0,29.0,0.09190400300000001,30.0,-0.055141507000000006,,,,,,,,
16,nac_ntrc__bw_delnac_csn,0.73406512,0.015678627747561097,2.0,31.0,0.745151584,32.0,0.722978656,,,,,,,,
17,nac_ntrc__bw_delnac_cytd,-0.1890636535,0.06029514725973485,2.0,33.0,-0.14642854600000002,34.0,-0.231698761,,,,,,,,
18,nac_ntrc__bw_delnac_gln,-0.09833773600000001,0.13401061554096544,2.0,35.0,-0.193097551,36.0,-0.0035779210000000004,,,,,,,,
19,nac_ntrc__bw_delnac_nh4,-0.34117846700000004,0.18005346206178086,2.0,37.0,-0.213861443,38.0,-0.46849549100000004,,,,,,,,
20,misc__wt_no_te,0.04300870200000001,0.3587022055910464,2.0,39.0,-0.21063206,40.0,0.29664946400000003,,,,,,,,
21,misc__bw_delcbl,-0.643878529,0.11373393968171158,2.0,41.0,-0.563456489,42.0,-0.7243005690000001,,,,,,,,
22,misc__bw_delfabr,-0.85323102,0.07181725073373701,2.0,43.0,-0.802448555,44.0,-0.904013485,,,,,,,,
23,misc__bw_delfadr,-0.5346948675000001,0.2024672472519115,2.0,45.0,-0.677860831,46.0,-0.391528904,,,,,,,,
24,misc__nitr_031,0.14541562100000002,,1.0,47.0,0.14541562100000002,,,,,,,,,,
25,omics__wt_glu,0.507162405,0.04482288226230206,2.0,48.0,0.475467841,49.0,0.538856969,,,,,,,,
26,omics__wt_gly,0.26637546700000003,0.05371150300138368,2.0,50.0,0.304355235,51.0,0.228395699,,,,,,,,
27,omics__wt_thr,0.13142357100000002,0.04292888402097183,2.0,52.0,0.16177887600000002,53.0,0.101068266,,,,,,,,
28,omics__bw_ac,0.29816973,0.005449242041681765,2.0,54.0,0.302022926,55.0,0.294316534,,,,,,,,
29,omics__bw_fum,-0.20738171900000002,0.23799232658695596,2.0,56.0,-0.039095731,57.0,-0.375667707,,,,,,,,
30,omics__bw_glc,0.5289127865000001,0.05847082873483632,2.0,58.0,0.570257906,59.0,0.48756766700000004,,,,,,,,
31,omics__bw_pyr,0.28847877250000004,0.24334546079625916,2.0,60.0,0.11640754700000001,61.0,0.460549998,,,,,,,,
32,ompr__wt_nacl,0.1589355145,0.10250089297457707,2.0,62.0,0.08645643800000001,63.0,0.231414591,,,,,,,,
33,ompr__bw_delompr_nacl,0.11894391850000001,0.09951114226613032,2.0,64.0,0.048578915,65.0,0.18930892200000002,,,,,,,,
34,minspan__wt_ade,-0.207223863,,1.0,66.0,-0.207223863,,,,,,,,,,
35,minspan__wt_glc,-0.7969113683333334,0.0941415138836193,3.0,67.0,-0.8945002070000001,68.0,-0.7895890910000001,69.0,-0.7066448070000001,,,,,,
36,minspan__wt_glc_anaero,-1.2884982965,0.2576963711113491,2.0,70.0,-1.470717148,71.0,-1.106279445,,,,,,,,
37,minspan__wt_trp,-1.238356169,,1.0,72.0,-1.238356169,,,,,,,,,,
38,minspan__bw_delcra_glc,-0.882154116,,1.0,73.0,-0.882154116,,,,,,,,,,
39,minspan__bw_delcra_trp,-1.426296897,,1.0,74.0,-1.426296897,,,,,,,,,,
40,minspan__bw_delmntr,-1.068518895,,1.0,75.0,-1.068518895,,,,,,,,,,
41,minspan__bw_delnac_ade,-0.040709087000000005,,1.0,76.0,-0.040709087000000005,,,,,,,,,,
42,minspan__bw_delnac_glc,-0.8341063120000001,,1.0,77.0,-0.8341063120000001,,,,,,,,,,
43,cra_crp__wt_ac,0.1323686475,0.00843123083899145,2.0,78.0,0.126406867,79.0,0.138330428,,,,,,,,
44,cra_crp__wt_fru,0.162112333,0.059767845712188766,2.0,80.0,0.204374582,81.0,0.11985008400000001,,,,,,,,
45,cra_crp__delcra_ac,0.22463267650000002,0.022483488948192906,2.0,82.0,0.24053090400000002,83.0,0.20873444900000002,,,,,,,,
46,cra_crp__delcra_fru,-0.1367710635,0.06769581027023346,2.0,84.0,-0.08890289700000001,85.0,-0.18463923000000002,,,,,,,,
47,cra_crp__delcra_glc,-0.3665368545,0.04043006977252829,2.0,86.0,-0.337948478,87.0,-0.395125231,,,,,,,,
48,rpoB__wt_031,-0.222245991,,1.0,88.0,-0.222245991,,,,,,,,,,
49,rpoB__wt_044,0.24104966300000003,,1.0,89.0,0.24104966300000003,,,,,,,,,,
50,rpoB__wt_lb,-0.4872697345,0.1092433215961776,2.0,90.0,-0.41002304100000003,91.0,-0.564516428,,,,,,,,
51,rpoB__rpoBE546V_031,-0.11605963100000001,,1.0,92.0,-0.11605963100000001,,,,,,,,,,
52,rpoB__rpoBE546V_044,0.228042186,,1.0,93.0,0.228042186,,,,,,,,,,
53,rpoB__rpoBE546V_lb,-0.743333585,0.16883558633063675,2.0,94.0,-0.8627183730000001,95.0,-0.623948797,,,,,,,,
54,rpoB__rpoBE546V_glc,-0.38532586700000004,,1.0,96.0,-0.38532586700000004,,,,,,,,,,
55,rpoB__rpoBE672K_glc,-0.4622295485,0.2459007156008702,2.0,97.0,-0.288351485,98.0,-0.636107612,,,,,,,,
56,rpoB__rpoBE672K_lb,-1.3153074630000001,0.022071032855620024,2.0,99.0,-1.3309140400000001,100.0,-1.299700886,,,,,,,,
57,crp__wt_fru,-0.27433254700000004,,1.0,101.0,-0.27433254700000004,,,,,,,,,,
58,crp__wt_glyc,-0.483876199,0.04741692470228832,2.0,102.0,-0.517405028,103.0,-0.45034737,,,,,,,,
59,crp__delar1_glyc,-0.32888687650000004,0.040162364802025306,2.0,104.0,-0.35728595700000004,105.0,-0.30048779600000003,,,,,,,,
60,crp__delar1ar2_glyc,0.04343062366666667,0.04224625592164184,3.0,106.0,0.068093232,107.0,0.067548777,108.0,-0.005350138,,,,,,
61,crp__delar2_glyc,-1.2102840266666668,0.10722189268553929,3.0,109.0,-1.282739383,110.0,-1.26100001,111.0,-1.087112687,,,,,,
62,crp__delcrp_fru,0.4724865470000001,0.2535954921852007,3.0,112.0,0.709356057,113.0,0.204953502,114.0,0.503150082,,,,,,
63,crp__delcrp_glc,0.652404195,0.24200627991338533,3.0,115.0,0.8700020580000001,116.0,0.695445367,117.0,0.39176516,,,,,,
64,crp__delcrp_glyc,0.6984004709999999,0.1419924306670913,3.0,118.0,0.551195753,119.0,0.834532252,120.0,0.709473408,,,,,,
65,glu__glu_ale3,-1.801741803,,1.0,121.0,-1.801741803,,,,,,,,,,
66,glu__glu_ale4,-1.164596754,,1.0,122.0,-1.164596754,,,,,,,,,,
67,glu__glu_ale5,-1.09937175,,1.0,123.0,-1.09937175,,,,,,,,,,
68,glu__glu_ale6,-1.061847691,,1.0,124.0,-1.061847691,,,,,,,,,,
69,glu__glu_ale8,-1.782356682,,1.0,125.0,-1.782356682,,,,,,,,,,
70,glu__glu_ale9,-1.96344619,,1.0,126.0,-1.96344619,,,,,,,,,,
71,glu__glu_ale10,-1.857327282,,1.0,127.0,-1.857327282,,,,,,,,,,
72,42c__wt_42c,-0.6599340170000001,,1.0,128.0,-0.6599340170000001,,,,,,,,,,
73,42c__42c_ale1,-1.469255947,,1.0,129.0,-1.469255947,,,,,,,,,,
74,42c__42c_ale2,-0.7773082480000001,,1.0,130.0,-0.7773082480000001,,,,,,,,,,
75,42c__42c_ale3,-0.0014574820000000002,,1.0,131.0,-0.0014574820000000002,,,,,,,,,,
76,42c__42c_ale4,-0.8533799620000001,,1.0,132.0,-0.8533799620000001,,,,,,,,,,
77,42c__42c_ale5,0.040232837,,1.0,133.0,0.040232837,,,,,,,,,,
78,42c__42c_ale6,-0.936225713,,1.0,134.0,-0.936225713,,,,,,,,,,
79,42c__42c_ale8,-0.7830734690000001,,1.0,135.0,-0.7830734690000001,,,,,,,,,,
80,42c__42c_ale9,0.059751671000000006,,1.0,136.0,0.059751671000000006,,,,,,,,,,
81,42c__42c_ale10,-0.932714106,,1.0,137.0,-0.932714106,,,,,,,,,,
82,ssw__wt_ac,-0.154435597,,1.0,138.0,-0.154435597,,,,,,,,,,
83,ssw__wt_glc,-0.6465053860000001,,1.0,139.0,-0.6465053860000001,,,,,,,,,,
84,ssw__wt_glyc,-0.421686704,,1.0,140.0,-0.421686704,,,,,,,,,,
85,ssw__wt_xyl,-0.928504282,,1.0,141.0,-0.928504282,,,,,,,,,,
86,ssw__glc_ale1,-1.123423967,,1.0,142.0,-1.123423967,,,,,,,,,,
87,ssw__glc_ale2,-1.994654384,,1.0,143.0,-1.994654384,,,,,,,,,,
88,ssw__glc_ale3,-1.338766371,,1.0,144.0,-1.338766371,,,,,,,,,,
89,ssw__glyc_ale1,-1.442439497,,1.0,145.0,-1.442439497,,,,,,,,,,
90,ssw__glyc_ale2,-1.420049159,,1.0,146.0,-1.420049159,,,,,,,,,,
91,ssw__xyl_ale1,-1.480725981,,1.0,147.0,-1.480725981,,,,,,,,,,
92,ssw__xyl_ale2,-1.159108083,,1.0,148.0,-1.159108083,,,,,,,,,,
93,ssw__xyl_ale3,-0.9745537190000001,,1.0,149.0,-0.9745537190000001,,,,,,,,,,
94,ssw__glc_ac_ac2,-2.017351275,,1.0,150.0,-2.017351275,,,,,,,,,,
95,ssw__glc_ac_glc1,-0.9405895360000001,,1.0,151.0,-0.9405895360000001,,,,,,,,,,
96,ssw__glc_glyc_glc,-1.5949407199999999,,1.0,152.0,-1.5949407199999999,,,,,,,,,,
97,ssw__glc_glyc_glyc,-1.442401715,,1.0,153.0,-1.442401715,,,,,,,,,,
98,ssw__glc_xyl_glc,-1.763250486,,1.0,154.0,-1.763250486,,,,,,,,,,
99,ssw__glc_xyl_xyl,-0.62700846,,1.0,155.0,-0.62700846,,,,,,,,,,
100,ica__wt_glc,-0.8668956191666667,0.2951759264105202,6.0,156.0,-1.011002846,157.0,-1.105640443,158.0,-0.472142072,159.0,-0.504700205,180.0,-1.032872487,181.0,-1.075015662
101,ica__arg_sbt,-1.3465811465000002,0.00457583576637548,2.0,160.0,-1.343345542,161.0,-1.349816751,,,,,,,,
102,ica__cytd_rib,-0.7153057615,0.046865944977067406,2.0,162.0,-0.748444989,163.0,-0.682166534,,,,,,,,
103,ica__gth,0.5056471865000001,0.2115812299932251,2.0,164.0,0.655257709,165.0,0.356036664,,,,,,,,
104,ica__leu_glcr,-0.7298671355,0.11937450714071286,2.0,166.0,-0.814277659,167.0,-0.645456612,,,,,,,,
105,ica__met_glc,-1.270155775,0.12600542855845412,2.0,168.0,-1.181056482,169.0,-1.359255068,,,,,,,,
106,ica__no3_anaero,-0.7231981080000001,0.16293739795093892,2.0,170.0,-0.6079839690000001,171.0,-0.838412247,,,,,,,,
107,ica__phe_acgam,-0.5550841665,0.034746025853085664,2.0,172.0,-0.579653317,173.0,-0.5305150160000001,,,,,,,,
108,ica__thm_gal,-0.7031687745000001,0.14471015159590825,2.0,174.0,-0.8054943040000001,175.0,-0.6008432450000001,,,,,,,,
109,ica__tyr_glcn,-0.8905774045000001,0.003457574676200178,2.0,176.0,-0.8930222790000001,177.0,-0.88813253,,,,,,,,
110,ica__ura_pyr,-0.610119125,0.0983466611412027,2.0,178.0,-0.5405775340000001,179.0,-0.679660716,,,,,,,,
111,ica__bw_delpurR_cytd,-1.0274680885,0.1815793256635829,2.0,182.0,-1.155864061,183.0,-0.899072116,,,,,,,,
112,ica__ade_glc,-0.950640805,0.22800365841416884,2.0,184.0,-0.789417872,185.0,-1.111863738,,,,,,,,
113,ytf__wt_glc,-1.2810511685,0.04689423773359635,2.0,186.0,-1.314210402,187.0,-1.247891935,,,,,,,,
114,ytf__delyafC,-0.8986534635000001,0.2408525091701383,2.0,188.0,-1.068961906,189.0,-0.7283450210000001,,,,,,,,
115,ytf__delyeiE,-0.6233842250000001,0.48429248468719815,2.0,190.0,-0.280937725,191.0,-0.9658307250000001,,,,,,,,
116,ytf__delyiaJ,-0.892458891,0.1427819654488144,2.0,192.0,-0.993420987,193.0,-0.791496795,,,,,,,,
117,ytf__delyieP,-0.9453284665000001,0.004927366831574486,2.0,194.0,-0.9488126410000001,195.0,-0.9418442920000001,,,,,,,,
118,ytf__wt_ph5,-0.2831566775,0.1593014258906997,2.0,196.0,-0.170513559,197.0,-0.39579979600000004,,,,,,,,
119,ytf__wt_ph8,-0.8087967850000001,0.20179242767346073,2.0,198.0,-0.6661079910000001,199.0,-0.9514855790000001,,,,,,,,
120,ytf__delybaO,-0.8718905895,0.28192184236373224,2.0,200.0,-1.071239436,201.0,-0.672541743,,,,,,,,
121,ytf__delybaQ,-0.408335071,0.06909083224745836,2.0,202.0,-0.359480475,203.0,-0.457189667,,,,,,,,
122,ytf__delybiH,-1.248803975,0.1876124066826074,2.0,204.0,-1.38146598,205.0,-1.11614197,,,,,,,,
123,ytf__delydcI_ph5,-0.42582144350000006,0.10485128197411567,2.0,206.0,-0.35168039100000004,207.0,-0.49996249600000003,,,,,,,,
124,ytf__delydcI_ph8,-0.7392921055,0.025945134438132372,2.0,208.0,-0.720946125,209.0,-0.757638086,,,,,,,,
125,ytf__delyddM,-0.5513098965000001,0.11165467027132231,2.0,210.0,-0.6302616710000001,211.0,-0.47235812200000005,,,,,,,,
126,ytf__delyheO,-0.9468264305,0.09724430500385671,2.0,212.0,-0.878064323,213.0,-1.015588538,,,,,,,,
127,fps__bw_glc,-0.6973351145,0.048417842129232565,2.0,214.0,-0.66309853,215.0,-0.7315716990000001,,,,,,,,
128,fps__fps_thrA_ale1,-0.5144860115000001,0.13297643156839362,2.0,216.0,-0.420457475,217.0,-0.608514548,,,,,,,,
129,fps__fps_thrA_ale2,-1.16992512,0.2917058080731133,2.0,218.0,-1.376192275,219.0,-0.963657965,,,,,,,,
130,fps__fps_serB_ale1,-0.6316819085000001,0.024016444123903524,2.0,220.0,-0.614699718,221.0,-0.648664099,,,,,,,,
131,fps__fps_serB_ale4,0.033835701,0.020778479843377187,2.0,222.0,0.019143097,223.0,0.048528305,,,,,,,,
132,fps__fps_ptsI_ale1,-1.0205603735,0.11618659399947914,2.0,224.0,-1.102716702,225.0,-0.9384040450000001,,,,,,,,
133,fps__fps_ptsI_ale3,-1.206376719,0.1444212666559883,2.0,226.0,-1.104255462,227.0,-1.308497976,,,,,,,,
134,pal__lyx_ale2_f6,0.188898907,,1.0,228.0,0.188898907,,,,,,,,,,
135,pal__lyx_ale2,-0.5033267355,0.039624791114268865,2.0,229.0,-0.47530777700000004,230.0,-0.531345694,,,,,,,,
136,pal__lyx_ale4,-0.731220736,0.27154558562965303,2.0,231.0,-0.923232461,232.0,-0.5392090110000001,,,,,,,,
137,pal__5drib_ale10_f18,-0.38498367499999997,0.13970309383009402,2.0,233.0,-0.28619867,234.0,-0.48376868,,,,,,,,
138,pal__5drib_ale10,-0.341637766,,1.0,235.0,-0.341637766,,,,,,,,,,
139,pal__arab_ale14_f9,-0.10433734050000001,0.01920194355542168,2.0,236.0,-0.117915165,237.0,-0.09075951600000001,,,,,,,,
140,pal__arab_ale14,-0.580649459,0.12460342531597861,2.0,238.0,-0.668757386,239.0,-0.492541532,,,,,,,,
141,pal__arab_ale16,0.186038697,0.38951660389654313,2.0,240.0,-0.08939113500000001,241.0,0.461468529,,,,,,,,
142,pal__tartr_ale26_f10,-0.24549605800000002,0.06823018429980496,2.0,242.0,-0.293742084,243.0,-0.19725003200000002,,,,,,,,
143,pal__tartr_ale26,-0.081976545,0.19059330017151302,2.0,244.0,-0.21674636,245.0,0.05279327,,,,,,,,
144,pal__tartr_ale28_f10,0.21502081350000002,0.0979512632926192,2.0,246.0,0.14575881100000002,247.0,0.284282816,,,,,,,,
145,pal__tartr_ale28,-0.45273228350000005,0.048762368594657136,2.0,248.0,-0.418252082,249.0,-0.48721248500000003,,,,,,,,
146,efeU__delmenFentC_citr,-1.4395997855,0.35276739120140344,2.0,250.0,-1.190155571,251.0,-1.689044,,,,,,,,
147,efeU__delmenFentC,-0.008740998,0.09027408122559016,2.0,252.0,0.055092417000000005,253.0,-0.072574413,,,,,,,,
148,efeU__menFentC_ale39,-1.360772929,0.47903246724858894,2.0,254.0,-1.022045823,255.0,-1.699500035,,,,,,,,
149,efeU__menFentC_ale29,-1.8168031965,0.20328156273483458,2.0,256.0,-1.9605449680000002,257.0,-1.673061425,,,,,,,,
150,efeU__menFentC_ale30,-0.7655638305000001,0.19020276438915693,2.0,258.0,-0.9000574950000001,259.0,-0.631070166,,,,,,,,
151,efeU__menFentCubiC_ale36,-0.018203813000000006,0.17228646117008514,2.0,260.0,0.103621112,261.0,-0.140028738,,,,,,,,
152,efeU__menFentCubiC_ale37,-0.24398864650000002,0.006147466854589814,2.0,262.0,-0.248335562,263.0,-0.23964173100000002,,,,,,,,
153,efeU__menFentCubiC_ale38,-1.0531793975000001,0.06445207246283868,2.0,264.0,-1.0076049,265.0,-1.098753895,,,,,,,,
154,misc2__salc_glc,-1.6627743995,0.002941202878170902,2.0,266.0,-1.660694655,267.0,-1.664854144,,,,,,,,
155,misc2__dbcn_glc,-0.575623083,0.29654761993391177,2.0,268.0,-0.785313916,269.0,-0.36593225,,,,,,,,
156,misc2__tyr_glc,-0.35083450000000005,0.013119056763157645,2.0,270.0,-0.36011107400000003,271.0,-0.341557926,,,,,,,,
157,misc2__arg_cytd,-0.9895319419999999,0.09899923301899699,2.0,272.0,-0.9195289130000001,273.0,-1.059534971,,,,,,,,
158,misc2__delyheO_pyr,-0.8537436585,0.02328986362196314,2.0,274.0,-0.8702120790000001,275.0,-0.837275238,,,,,,,,
159,nquinone__delubiC,-0.5249350745000001,0.11281383607457567,2.0,276.0,-0.6047065030000001,277.0,-0.445163646,,,,,,,,
160,nquinone__ubiC_ale1,-0.714477622,0.33556546382122887,2.0,278.0,-0.477197007,279.0,-0.9517582370000001,,,,,,,,
161,nquinone__ubiC_ale2,-0.5470702715,0.06285640681513179,2.0,280.0,-0.50262408,281.0,-0.591516463,,,,,,,,
162,nquinone__ubiC_ale3,-1.386078871,0.024337407670058552,2.0,282.0,-1.403288017,283.0,-1.3688697250000001,,,,,,,,
163,nquinone__ubiC_ale4,-0.8252843665,0.08959316921511269,2.0,284.0,-0.888636304,285.0,-0.761932429,,,,,,,,
164,nquinone__delpdhR,-1.2732390625,0.19153999099362143,2.0,286.0,-1.1377998360000001,287.0,-1.408678289,,,,,,,,
165,quinone__glu_ale4,-1.818636004,0.6397833227406851,2.0,288.0,-1.3662408780000002,289.0,-2.27103113,,,,,,,,
166,quinone__delmenF,-1.0140629915,0.17635977311763407,2.0,290.0,-0.8893578,291.0,-1.138768183,,,,,,,,
167,quinone__menF_ale5,-1.3130258405,0.05504185299240127,2.0,292.0,-1.274105373,293.0,-1.351946308,,,,,,,,
168,quinone__menF_ale6,-1.3309072844999998,0.27749979030144967,2.0,294.0,-1.134685301,295.0,-1.527129268,,,,,,,,
169,quinone__menF_ale7,-1.3131486595,0.00298474368532925,2.0,296.0,-1.315259192,297.0,-1.311038127,,,,,,,,
170,quinone__menF_ale8,-1.9241518695,0.21131833476304768,2.0,298.0,-2.073576497,299.0,-1.774727242,,,,,,,,
171,quinone__delmenFubiC,-0.4031826935,0.2721696434264961,2.0,300.0,-0.21072969300000002,301.0,-0.595635694,,,,,,,,
172,quinone__menFubiC_ale1,-1.623231125,0.07412374961536751,2.0,302.0,-1.675644531,303.0,-1.570817719,,,,,,,,
173,quinone__menFubiC_ale2,-1.349753926,0.13326143307787106,2.0,304.0,-1.255523863,305.0,-1.443983989,,,,,,,,
174,quinone__menFubiC_ale3,-0.41201091700000003,0.041882938741308516,2.0,306.0,-0.44162662700000005,307.0,-0.382395207,,,,,,,,
175,quinone__menFubiC_ale4,-1.8254655285,0.15791393247937416,2.0,308.0,-1.9371275410000002,309.0,-1.713803516,,,,,,,,
176,oxyR__wt_glc,-1.2673685225,0.11418000173116719,2.0,310.0,-1.348105976,311.0,-1.186631069,,,,,,,,
177,oxyR__wt_h2o2,-1.057247921,0.14776769192436046,2.0,312.0,-1.1617354579999999,313.0,-0.9527603840000001,,,,,,,,
178,oxyR__glu_ale4,-1.2492975495,0.17951705439310664,2.0,314.0,-1.122359823,315.0,-1.376235276,,,,,,,,
179,oxyR__glu_ale4_h2o2,-1.579066654,0.24970886957654204,2.0,316.0,-1.402495819,317.0,-1.7556374890000002,,,,,,,,
180,oxyR__oxyR_ale17,-1.5849269735,0.12622458004182677,2.0,318.0,-1.6741812299999999,319.0,-1.4956727170000002,,,,,,,,
181,oxyR__oxyR_ale17_h2o2,-1.3656395285,0.2730960254347421,2.0,320.0,-1.55874758,321.0,-1.172531477,,,,,,,,
182,oxyR__oxyR_ale18,-1.2229167795,0.11762406006124494,2.0,322.0,-1.30608955,323.0,-1.139744009,,,,,,,,
183,oxyR__oxyR_ale18_h2o2,-1.6565147405,0.3391895098184965,2.0,324.0,-1.896357943,325.0,-1.4166715380000001,,,,,,,,
184,oxyR__oxyR_ale19,-1.3870379165000002,0.15270078349243563,2.0,326.0,-1.279062157,327.0,-1.4950136760000001,,,,,,,,
185,oxyR__oxyR_ale19_h2o2,-1.262101512,0.17767532902057562,2.0,328.0,-1.136466082,329.0,-1.387736942,,,,,,,,
186,oxyR__oxyR_ale20,-1.5091368725,0.06963003581634537,2.0,330.0,-1.558372743,331.0,-1.459901002,,,,,,,,
187,oxyR__oxyR_ale20_h2o2,-1.362536583,0.05993960477776626,2.0,332.0,-1.320152882,333.0,-1.4049202840000001,,,,,,,,
188,svns_pgi__BmePgi24_15,-0.7042528495,0.028571976733270745,2.0,334.0,-0.684049411,335.0,-0.7244562880000001,,,,,,,,
189,svns_pgi__BmePgi24_26,-0.8320834315000001,0.10827914048783648,2.0,336.0,-0.7555185170000001,337.0,-0.9086483460000001,,,,,,,,
190,svns_pgi__BmePgi24_41,-0.4603598175,0.07991315598074059,2.0,338.0,-0.516866952,339.0,-0.40385268300000005,,,,,,,,
191,svns_pgi__BmePgi24_52,-0.883359212,0.2700451106968295,2.0,340.0,-1.074309941,341.0,-0.692408483,,,,,,,,
192,svns_pgi__PaePgi2_34,-0.36905730600000003,0.0869307445996382,2.0,342.0,-0.307587987,343.0,-0.43052662500000005,,,,,,,,
193,svns_pgi__PaePgi2_63,-0.570965357,0.037313720787298235,2.0,344.0,-0.544580572,345.0,-0.597350142,,,,,,,,
194,svns_pgi__PaePgi24_54,-0.4744658735,0.09929205937211526,2.0,346.0,-0.40425578500000003,347.0,-0.544675962,,,,,,,,
195,svns_pgi__PaePgi24_90,-0.46186582600000003,0.014958143920288039,2.0,348.0,-0.451288821,349.0,-0.472442831,,,,,,,,
196,abx_media__m9_ctrl,-0.4196289785,0.06872133289184253,2.0,350.0,-0.37103565800000005,351.0,-0.468222299,,,,,,,,
197,abx_media__rpmi_ctrl,-1.823433939,0.2405915167643092,2.0,352.0,-1.993557832,353.0,-1.653310046,,,,,,,,
198,abx_media__camhb_ctrl,-1.9275819615,0.14159164664210233,2.0,354.0,-1.827461548,355.0,-2.027702375,,,,,,,,
199,abx_media__m9_mero,-0.8687225925000001,0.4745687220491672,2.0,356.0,-1.204293354,357.0,-0.5331518310000001,,,,,,,,
200,abx_media__rpmi_mero,-1.7215879915,0.16035677003369847,2.0,358.0,-1.6081986320000001,359.0,-1.834977351,,,,,,,,
201,abx_media__camhb_mero,-2.221463965,0.0820462249034698,2.0,360.0,-2.163448523,361.0,-2.279479407,,,,,,,,
202,abx_media__m9_trisulf,-0.8169078000000001,0.11911684662203666,2.0,362.0,-0.73267947,363.0,-0.90113613,,,,,,,,
203,abx_media__rpmi_trisulf,-1.3396962879999998,0.37512976690011474,2.0,364.0,-1.60495309,365.0,-1.074439486,,,,,,,,
204,abx_media__camhb_trisulf,-1.461558828,0.23006907772403484,2.0,366.0,-1.2988754230000001,367.0,-1.624242233,,,,,,,,
205,abx_media__m9_cef,-0.488853342,0.07888452845325529,2.0,368.0,-0.43307355700000005,369.0,-0.544633127,,,,,,,,
206,abx_media__rpmi_cef,-1.1914701315,0.026671350072973776,2.0,370.0,-1.210329624,371.0,-1.172610639,,,,,,,,
207,abx_media__camhb_cef,-1.4524707575,0.11544904768557623,2.0,372.0,-1.5341055620000001,373.0,-1.370835953,,,,,,,,
208,abx_media__m9_cipro,-0.1724375995,0.1336985671971075,2.0,374.0,-0.077898436,375.0,-0.266976763,,,,,,,,
209,abx_media__rpmi_cipro,-1.534329568,0.06591247777569295,2.0,376.0,-1.5809367280000002,377.0,-1.487722408,,,,,,,,
210,abx_media__camhb_cipro,-1.0939372600000001,0.04678350693298277,2.0,378.0,-1.060856325,379.0,-1.127018195,,,,,,,,
211,hot_tale__42c_ale3_30c,-0.915076971,0.16329159056606243,2.0,380.0,-1.030541562,381.0,-0.79961238,,,,,,,,
212,hot_tale__42c_ale3_37c,-0.9504613445000001,0.26894333580125757,2.0,382.0,-0.7602896880000001,383.0,-1.140633001,,,,,,,,
213,hot_tale__42c_ale3_44c,0.095896572,0.2138819115073666,2.0,384.0,-0.055340778,385.0,0.247133922,,,,,,,,
214,hot_tale__hot_ale3_mid_30c,-0.437153471,0.06397028172194337,2.0,386.0,-0.48238729100000005,387.0,-0.39191965100000004,,,,,,,,
215,hot_tale__hot_ale3_mid_37c,-0.7664490235000001,0.23659378604638787,2.0,388.0,-0.9337460940000001,389.0,-0.599151953,,,,,,,,
216,hot_tale__hot_ale3_mid_44c,-1.4611826495,0.7461876601078734,2.0,390.0,-1.988817004,391.0,-0.933548295,,,,,,,,
217,hot_tale__hot_ale3_30c,-0.922529677,0.6548731356004843,2.0,392.0,-0.45946444200000003,393.0,-1.385594912,,,,,,,,
218,hot_tale__hot_ale3_37c,-0.7606556945,0.009757384151262673,2.0,394.0,-0.767555207,395.0,-0.753756182,,,,,,,,
219,hot_tale__hot_ale3_44c,-1.095747978,0.22930583373548996,2.0,396.0,-1.257891688,397.0,-0.9336042680000001,,,,,,,,
220,hot_tale__hot_ale4_30c,-0.8146064735,0.3499506935639435,2.0,398.0,-1.062058982,399.0,-0.567153965,,,,,,,,
221,hot_tale__hot_ale4_37c,-0.6668785100000001,0.18125074940582156,2.0,400.0,-0.7950421440000001,401.0,-0.538714876,,,,,,,,
222,hot_tale__hot_ale4_44c,-0.47504073950000003,0.05536141576002294,2.0,402.0,-0.43589430700000004,403.0,-0.5141871720000001,,,,,,,,
223,hot_tale__hot_ale8_30c,-0.6251498830000001,0.1978327499069689,2.0,404.0,-0.48526100400000005,405.0,-0.7650387620000001,,,,,,,,
224,hot_tale__hot_ale8_37c,-0.5331450645,0.09670158640716041,2.0,406.0,-0.601523412,407.0,-0.46476671700000005,,,,,,,,
225,hot_tale__hot_ale8_44c,0.183621046,0.051907973415852036,2.0,408.0,0.22032552600000002,409.0,0.146916566,,,,,,,,
226,hot_tale__hot_ale9_mid_30c,-1.1247317285,0.10913290545808166,2.0,410.0,-1.201900346,411.0,-1.047563111,,,,,,,,
227,hot_tale__hot_ale9_30c,-0.9590720715000001,0.1639182731432772,2.0,412.0,-0.843164349,413.0,-1.074979794,,,,,,,,
228,hot_tale__hot_ale9_mid_37c,-0.650450425,0.05098622437123625,2.0,414.0,-0.61439772,415.0,-0.68650313,,,,,,,,
229,hot_tale__hot_ale9_37c,-0.8036085655,0.009176907466664613,2.0,416.0,-0.7971195120000001,417.0,-0.8100976190000001,,,,,,,,
230,hot_tale__hot_ale9_mid_44c,-0.008198122500000002,0.0582619988891485,2.0,418.0,0.032999332,419.0,-0.049395577,,,,,,,,
231,hot_tale__hot_ale9_44c,0.077068676,0.024991446087317196,2.0,420.0,0.094740297,421.0,0.059397055000000004,,,,,,,,
232,hot_tale__hot_ale10_30c,-0.9607020795000001,0.015379328538967924,2.0,422.0,-0.9715769070000001,423.0,-0.9498272520000001,,,,,,,,
233,hot_tale__hot_ale10_37c,-1.0775983839999999,0.10183374974734286,2.0,424.0,-1.149605719,425.0,-1.005591049,,,,,,,,
234,hot_tale__hot_ale10_44c,-0.5582399605,0.09398537995701564,2.0,426.0,-0.49178226100000005,427.0,-0.62469766,,,,,,,,
235,hot_tale__hot_ale16_30c,-1.1359608285,0.2333777894522326,2.0,428.0,-1.300983846,429.0,-0.9709378110000001,,,,,,,,
236,hot_tale__hot_ale16_37c,-0.9904970690000001,0.05100274945671263,2.0,430.0,-1.026561459,431.0,-0.9544326790000001,,,,,,,,
237,hot_tale__hot_ale16_44c,-0.15799719750000002,0.16459027348699135,2.0,432.0,-0.274380096,433.0,-0.041614299,,,,,,,,
238,pdhr_ale__pdhR-13_51,-1.4949546935,0.33652123106598064,2.0,434.0,-1.256998249,435.0,-1.732911138,,,,,,,,
239,pdhr_ale__pdhR-14_46,-1.1276870540000001,0.21278834682863101,2.0,436.0,-1.278151137,437.0,-0.9772229710000001,,,,,,,,
240,pdhr_ale__pdhR-15_51,-1.6872577275,0.040336655309879246,2.0,438.0,-1.71578005,439.0,-1.658735405,,,,,,,,
241,pdhr_ale__pdhR-16_49,-1.2998384315,0.05858747731210153,2.0,440.0,-1.258410829,441.0,-1.341266034,,,,,,,,
242,tcs__del_atoC_LiAcet,-1.4848032365000001,0.06543845530989566,2.0,442.0,-1.438531261,443.0,-1.5310752120000002,,,,,,,,
243,tcs__del_atoC_LiCl,-1.3547414495,0.015859503540868354,2.0,444.0,-1.343527087,445.0,-1.3659558120000002,,,,,,,,
244,tcs__del_atoC_m9,-1.212372904,0.06322739675184233,2.0,446.0,-1.257081425,447.0,-1.167664383,,,,,,,,
245,tcs__del_baeR_etoh,-1.95863722,0.20458270921578905,2.0,448.0,-1.813975399,449.0,-2.103299041,,,,,,,,
246,tcs__del_baeR_lb,-1.524974999,0.1619079254308501,2.0,450.0,-1.4104888070000001,451.0,-1.639461191,,,,,,,,
247,tcs__del_btsR_01xlb,0.0070603345,0.016923881680103548,2.0,452.0,0.019027326,453.0,-0.004906657,,,,,,,,
248,tcs__del_btsR_lb,-2.066501498,0.060088739254772844,2.0,454.0,-2.108990653,455.0,-2.024012343,,,,,,,,
249,tcs__del_btsR_pyruvate,0.028009885999999998,0.1970041070264455,2.0,456.0,0.167312826,457.0,-0.111293054,,,,,,,,
250,tcs__del_cpxR_etoh,-1.355461741,0.1451238493679889,2.0,458.0,-1.458079799,459.0,-1.252843683,,,,,,,,
251,tcs__del_cpxR_lb,-1.2872946765000002,0.037362729651195505,2.0,460.0,-1.313714116,461.0,-1.260875237,,,,,,,,
252,tcs__del_cusR_CuSO4,-2.0986359695,0.3040066312746733,2.0,462.0,-2.31360112,463.0,-1.8836708190000002,,,,,,,,
253,tcs__del_cusR_lb,-1.946979716,0.16492839992893957,2.0,464.0,-2.063601706,465.0,-1.830357726,,,,,,,,
254,tcs__del_kdpE_01-kcl,-0.3106287755,0.021321941609300506,2.0,466.0,-0.29555188600000004,467.0,-0.32570566500000003,,,,,,,,
255,tcs__del_kdpE_115-kcl,-0.261472007,0.13900749026202383,2.0,468.0,-0.35976514600000004,469.0,-0.163178868,,,,,,,,
256,tcs__del_phoB_m9,-1.1761336905,0.14399520724315898,2.0,470.0,-1.074313703,471.0,-1.277953678,,,,,,,,
257,tcs__del_phoB_m9p,-1.1949019490000001,0.16810920099016805,2.0,472.0,-1.076030793,473.0,-1.313773105,,,,,,,,
258,tcs__del_rcsB_etoh,-1.238780256,0.10177724625867178,2.0,474.0,-1.166812875,475.0,-1.310747637,,,,,,,,
259,tcs__del_rcsB_lb,-1.154124559,0.09598047396195894,2.0,476.0,-1.2219930030000001,477.0,-1.086256115,,,,,,,,
260,tcs__del_zraR_lb,-1.4230637285,0.08717194650087545,2.0,478.0,-1.484703603,479.0,-1.361423854,,,,,,,,
261,tcs__del_zraR_zncl2,-0.9099304305,0.11562147991680918,2.0,480.0,-0.991687163,481.0,-0.8281736980000001,,,,,,,,
262,tcs__wt_01-kcl,-0.27681096450000003,0.012049514623099323,2.0,482.0,-0.28533125800000003,483.0,-0.26829067100000004,,,,,,,,
263,tcs__wt_01xlb,-0.067163679,0.13224377489788244,2.0,484.0,-0.16067414900000002,485.0,0.026346791,,,,,,,,
264,tcs__wt_115-kcl,-0.1995836185,0.1522478066457668,2.0,486.0,-0.09192816200000001,487.0,-0.30723907500000003,,,,,,,,
265,tcs__wt_CuSO4,-2.2722072444999997,0.0258843868945607,2.0,488.0,-2.29051027,489.0,-2.253904219,,,,,,,,
266,tcs__wt_etoh,-1.492616624,0.17136557196731528,2.0,490.0,-1.613790382,491.0,-1.371442866,,,,,,,,
267,tcs__wt_lb,-1.2097120945,0.06443183082412046,2.0,492.0,-1.255272279,493.0,-1.16415191,,,,,,,,
268,tcs__wt_LiAcet,-1.1056229545,0.06612235060388291,2.0,494.0,-1.152378517,495.0,-1.058867392,,,,,,,,
269,tcs__wt_LiCl,-1.3768409215,0.19591567665004805,2.0,496.0,-1.238307618,497.0,-1.515374225,,,,,,,,
270,tcs__wt_m9p,-1.1439238805,0.12632372206940362,2.0,498.0,-1.233248241,499.0,-1.05459952,,,,,,,,
271,tcs__wt_pyr,-0.12308784600000001,0.23533196601617576,2.0,500.0,-0.28949267500000003,501.0,0.043316983,,,,,,,,
272,tcs__wt_zncl2,-1.1821621900000001,0.12879263984313855,2.0,502.0,-1.091092041,503.0,-1.273232339,,,,,,,,
273,ros_tale__1_112_0pq,0.031332183,0.1449470260036447,2.0,504.0,0.133825208,505.0,-0.071160842,,,,,,,,
274,ros_tale__1_112_250pq,-0.7414093995,0.46230100912263605,2.0,506.0,-0.41451322100000004,507.0,-1.068305578,,,,,,,,
275,ros_tale__1_112_750pq,-0.9233915273333334,0.2868287750041913,3.0,508.0,-0.8943442620000001,509.0,-1.223638695,510.0,-0.652191625,,,,,,
276,ros_tale__3_76_0pq,-0.6102033812500001,0.2311769130491764,4.0,511.0,-0.344696357,512.0,-0.609136788,513.0,-0.9082664490000001,514.0,-0.578713931,,,,
277,ros_tale__3_76_250pq,-0.8472706485,0.3316132594663072,2.0,515.0,-0.6127846640000001,516.0,-1.081756633,,,,,,,,
278,ros_tale__3_76_750pq,-2.1403270415,0.924297545843468,2.0,517.0,-2.793904104,518.0,-1.486749979,,,,,,,,
279,ros_tale__7_103_0pq,-1.18779920975,0.15774019171158013,4.0,519.0,-1.224705576,520.0,-1.246791518,521.0,-1.320412125,522.0,-0.95928762,,,,
280,ros_tale__7_103_250pq,-0.811740494,0.05136145199888646,2.0,523.0,-0.848058525,524.0,-0.7754224630000001,,,,,,,,
281,ros_tale__7_103_750pq,-1.0938376710000002,0.1532481414167232,2.0,525.0,-1.202200471,526.0,-0.9854748710000001,,,,,,,,
282,ros_tale__9_77_0pq,-0.66092525,0.25300479327860187,2.0,527.0,-0.8398266550000001,528.0,-0.482023845,,,,,,,,
283,ros_tale__9_77_250pq,-0.3107313355,0.17184445649934,2.0,529.0,-0.18921895500000002,530.0,-0.432243716,,,,,,,,
284,ros_tale__9_77_750pq,-0.791960706,0.21164521255032076,2.0,531.0,-0.941616471,532.0,-0.642304941,,,,,,,,
285,ros_tale__11_83_0pq,-2.229500899,0.031068672489798093,2.0,533.0,-2.20753203,534.0,-2.251469768,,,,,,,,
286,ros_tale__11_83_250pq,-2.829593088,0.24337225236509144,2.0,535.0,-2.657502918,536.0,-3.001683258,,,,,,,,
287,ros_tale__11_83_750pq,-2.696918942,0.24251187028958804,2.0,537.0,-2.8684007300000003,538.0,-2.525437154,,,,,,,,
288,ros_tale__13_87_0pq,-2.2124993525,0.15829404762909596,2.0,539.0,-2.324430147,540.0,-2.100568558,,,,,,,,
289,ros_tale__13_87_250pq,-2.6804923370000004,0.2675910923700809,2.0,541.0,-2.4912768610000002,542.0,-2.869707813,,,,,,,,
290,ros_tale__13_87_750pq,-2.2030388705000004,0.34694811311005896,2.0,543.0,-2.448368234,544.0,-1.9577095070000001,,,,,,,,
291,ros_tale__14_27_0pq,-1.831825915,0.08691777626127133,2.0,545.0,-1.8932860640000002,546.0,-1.770365766,,,,,,,,
292,ros_tale__14_27_250pq,-1.6648274125000002,0.07044322558527265,2.0,547.0,-1.714638295,548.0,-1.6150165300000001,,,,,,,,
293,ros_tale__14_27_750pq,-1.1046557670000001,0.2992749548305788,2.0,549.0,-0.893036417,550.0,-1.316275117,,,,,,,,
294,ros_tale__16_28_250pq,-0.95404661,0.027436800941782653,2.0,551.0,-0.973447358,552.0,-0.9346458620000001,,,,,,,,
295,ros_tale__16_32_0pq,-1.66778468375,0.8169098775660109,4.0,553.0,-2.352007164,554.0,-2.377039786,555.0,-0.797938765,556.0,-1.14415302,,,,
296,ros_tale__16_32_250pq,-1.0333292435,0.14125823448106434,2.0,557.0,-1.133213899,558.0,-0.9334445880000001,,,,,,,,
297,ros_tale__16_32_750pq,-2.0097424665,0.020470149466974737,2.0,559.0,-1.995267885,560.0,-2.024217048,,,,,,,,
298,ros_tale__17_104_0pq,-2.787240447,0.15313772103598666,2.0,561.0,-2.895525168,562.0,-2.678955726,,,,,,,,
299,ros_tale__17_104_250pq,-1.99369550625,0.1299449242954115,4.0,563.0,-2.064083809,564.0,-1.910818216,565.0,-2.139144713,566.0,-1.860735287,,,,
300,ros_tale__17_104_750pq,-2.215139078,0.053015623661668704,2.0,567.0,-2.177651371,568.0,-2.252626785,,,,,,,,
301,ros_tale__18_24_250pq,-0.9201854035000001,0.320629119295898,2.0,569.0,-0.6934663790000001,570.0,-1.146904428,,,,,,,,
302,ros_tale__18_36_0pq,-0.5092006915,1.0880977676969366,4.0,571.0,-1.416525211,572.0,-1.466002727,573.0,0.22833954,574.0,0.6173856320000001,,,,
303,ros_tale__18_36_250pq,0.3977277095,0.16161200336424397,2.0,575.0,0.5120046530000001,576.0,0.283450766,,,,,,,,
304,ros_tale__18_36_750pq,-0.4820979275,0.2686295911082316,2.0,577.0,-0.292148122,578.0,-0.6720477330000001,,,,,,,,
305,ros_tale__19_91_0pq,-3.2633815994999997,0.6326251952348131,2.0,579.0,-3.710715165,580.0,-2.816048034,,,,,,,,
306,ros_tale__19_91_250pq,-2.367392774,0.4201619626691429,2.0,581.0,-2.070293401,582.0,-2.664492147,,,,,,,,
307,ros_tale__19_91_750pq,-1.7985101232499998,0.520350501926085,4.0,583.0,-2.193337414,584.0,-2.298871811,585.0,-1.402693394,586.0,-1.299137874,,,,
308,ros_tale__21_97_0pq,-1.360791439,0.12540831647972187,2.0,587.0,-1.272114368,588.0,-1.44946851,,,,,,,,
309,ros_tale__21_97_250pq,-1.5576379525,0.23218760853134293,2.0,589.0,-1.39345652,590.0,-1.721819385,,,,,,,,
310,ros_tale__21_97_750pq,-0.8527285885,0.22311470727980268,2.0,591.0,-0.694962666,592.0,-1.010494511,,,,,,,,
311,ros_tale__25_111_0pq,-0.3877241225,0.26124478850283495,2.0,593.0,-0.202996161,594.0,-0.572452084,,,,,,,,
312,ros_tale__25_111_250pq,-0.293212695,0.13416262794257136,2.0,595.0,-0.198345391,596.0,-0.388079999,,,,,,,,
313,ros_tale__25_111_750pq,-0.036316755000000006,0.20019221250072364,2.0,597.0,-0.17787402600000002,598.0,0.105240516,,,,,,,,
314,ros_tale__29_119_0pq,-0.902694073,0.12668684756449383,2.0,599.0,-0.813112944,600.0,-0.9922752020000001,,,,,,,,
315,ros_tale__29_119_250pq,-0.6994173585000001,0.31354140619040344,2.0,601.0,-0.921124613,602.0,-0.477710104,,,,,,,,
316,ros_tale__29_119_750pq,-0.979763281,0.11616491764110196,2.0,603.0,-0.89762228,604.0,-1.061904282,,,,,,,,
317,ros_tale__ALE4_0pq,-0.9624702175,0.130075951676858,2.0,605.0,-1.054447805,606.0,-0.87049263,,,,,,,,
318,ros_tale__ALE4_250pq,-0.5829176715000001,0.042234975387856144,2.0,607.0,-0.6127823090000001,608.0,-0.553053034,,,,,,,,
319,pcoli__atASMT_325G,-0.8164820530000001,0.15654890880023423,2.0,609.0,-0.927178848,610.0,-0.705785258,,,,,,,,
320,pcoli__bpTDC,-0.9971066040000001,0.05296156110560635,2.0,611.0,-1.034556083,612.0,-0.9596571250000001,,,,,,,,
321,pcoli__BRCA,-0.8271579445,0.06297482598777707,2.0,613.0,-0.782628018,614.0,-0.871687871,,,,,,,,
322,pcoli__BRCActrl,-1.3346046985,0.19029346214755263,2.0,615.0,-1.2000469009999999,616.0,-1.469162496,,,,,,,,
323,pcoli__BRCAswap,-0.5029190565,0.01716245667964875,2.0,617.0,-0.490783367,618.0,-0.515054746,,,,,,,,
324,pcoli__btAANAT,-0.6062547065000001,0.14330696324246742,2.0,619.0,-0.5049213810000001,620.0,-0.7075880320000001,,,,,,,,
325,pcoli__btASMT,-0.5577351685,0.22899490262034633,2.0,621.0,-0.39581132,622.0,-0.719659017,,,,,,,,
326,pcoli__CC1,-0.405519061,0.11922146448452674,2.0,623.0,-0.321216755,624.0,-0.489821367,,,,,,,,
327,pcoli__ccCOMT,-0.8010835075,0.1515270894732559,2.0,625.0,-0.693937675,626.0,-0.90822934,,,,,,,,
328,pcoli__ckDDC,-0.837509255,0.03572465386007328,2.0,627.0,-0.81224811,628.0,-0.8627703999999999,,,,,,,,
329,pcoli__CNTF_belt,-0.423440265,0.07701459164147531,2.0,629.0,-0.477897805,630.0,-0.368982725,,,,,,,,
330,pcoli__cobPNMT,-0.809399022,0.12590047976999047,2.0,631.0,-0.720373939,632.0,-0.898424105,,,,,,,,
331,pcoli__cvPhhB,-0.8347982009999999,0.2553516792711464,2.0,633.0,-0.654237297,634.0,-1.015359105,,,,,,,,
332,pcoli__ggAANAT,-0.7510565445,0.0681791092698931,2.0,635.0,-0.799266455,636.0,-0.702846634,,,,,,,,
333,pcoli__ggTPH,-0.49321526600000004,0.23832574864748882,2.0,637.0,-0.32469351300000004,638.0,-0.661737019,,,,,,,,
334,pcoli__hsAANAT,0.082226576,0.014732995464303988,2.0,639.0,0.071808775,640.0,0.092644377,,,,,,,,
335,pcoli__hsASMT,-1.1719548995,0.012752235928028944,2.0,641.0,-1.162937707,642.0,-1.180972092,,,,,,,,
336,pcoli__hsPNMT_mb,-0.6817792825,0.04730529446184915,2.0,643.0,-0.715229177,644.0,-0.6483293880000001,,,,,,,,
337,pcoli__hsTPH,-0.971366041,0.25359316268909143,2.0,645.0,-0.7920485960000001,646.0,-1.150683486,,,,,,,,
338,pcoli__hsTPH_E2K,-0.5617829355000001,0.03669083820192556,2.0,647.0,-0.5358385950000001,648.0,-0.5877272760000001,,,,,,,,
339,pcoli__hsTPH_E2K_N91I_P99C,-0.8014951395000001,0.08953418236742614,2.0,649.0,-0.8648053670000001,650.0,-0.738184912,,,,,,,,
340,pcoli__hsTPH_N158trunc,-0.6793784495,0.012049568363214665,2.0,651.0,-0.687898781,652.0,-0.6708581180000001,,,,,,,,
341,pcoli__hsTPH_N174trunc,-1.0098145745,0.5199528519342599,2.0,653.0,-0.642152387,654.0,-1.3774767620000001,,,,,,,,
342,pcoli__hsTPH_Ntermtrunc,-0.6150894465000001,0.016697324667411414,2.0,655.0,-0.603282655,656.0,-0.626896238,,,,,,,,
343,pcoli__hsTPH1,-0.23528723500000004,0.08655682794796031,2.0,657.0,-0.29649215500000003,658.0,-0.17408231500000002,,,,,,,,
344,pcoli__MBP,-1.2945914754999999,0.3053166625523336,2.0,659.0,-1.5104829579999999,660.0,-1.078699993,,,,,,,,
345,pcoli__msCOMT,-1.0980209785000001,0.10675876191333594,2.0,661.0,-1.022531134,662.0,-1.173510823,,,,,,,,
346,pcoli__ocAANAT,-0.6897733665000001,0.31795861032859424,2.0,663.0,-0.914604056,664.0,-0.464942677,,,,,,,,
347,pcoli__osTDC_K374H,-0.31297357200000003,0.09348815166087346,2.0,665.0,-0.246867466,666.0,-0.37907967800000003,,,,,,,,
348,pcoli__osTDC_K374L,-1.16430604,0.11066170072459873,2.0,667.0,-1.086056401,668.0,-1.242555679,,,,,,,,
349,pcoli__osTDC_K374Q,-0.39314538200000004,0.04056103231236505,2.0,669.0,-0.36446440100000005,670.0,-0.42182636300000004,,,,,,,,
350,pcoli__osTDC_L360V,-1.093826245,0.05457879492435306,2.0,671.0,-1.055233209,672.0,-1.132419281,,,,,,,,
351,pcoli__pmTPH,-0.7958248745000001,0.20969594896429333,2.0,673.0,-0.647547447,674.0,-0.944102302,,,,,,,,
352,pcoli__RFC,-0.8362430350000001,0.21365312710831363,2.0,675.0,-0.98731861,676.0,-0.6851674600000001,,,,,,,,
353,pcoli__RFCctrl,-0.014013556500000003,0.0714936468508609,2.0,677.0,0.036540086,678.0,-0.064567199,,,,,,,,
354,pcoli__RFCnopause,-0.2511910745,0.25559279773378357,2.0,679.0,-0.070459674,680.0,-0.43192247500000003,,,,,,,,
355,pcoli__RFCpluspause,-0.4354157975,0.343703248174455,2.0,681.0,-0.1923809,682.0,-0.678450695,,,,,,,,
356,pcoli__rnCOMT_sol,-0.219288419,0.05068503648043057,2.0,683.0,-0.183448686,684.0,-0.255128152,,,,,,,,
357,pcoli__rnPNMT,-1.07721434,0.09140334913992147,2.0,685.0,-1.141846268,686.0,-1.012582412,,,,,,,,
358,pcoli__rnTDC,-0.7952188170000001,0.10666954554364691,2.0,687.0,-0.870645576,688.0,-0.719792058,,,,,,,,
359,pcoli__rnTDC_trunc,-1.2365941,0.1509821017708989,2.0,689.0,-1.129833632,690.0,-1.343354568,,,,,,,,
360,pcoli__saCOMT_T2A,-0.6770879575,0.09472745741117256,2.0,691.0,-0.744070385,692.0,-0.61010553,,,,,,,,
361,pcoli__sfCOMT,-0.8737433720000001,0.021076330190175702,2.0,693.0,-0.8588401560000001,694.0,-0.8886465880000001,,,,,,,,
362,pcoli__sgAANAT_D63G,-0.643035702,0.03675863630721244,2.0,695.0,-0.669027983,696.0,-0.6170434210000001,,,,,,,,
363,pcoli__ssDDC,-1.008090049,0.031512598369667466,2.0,697.0,-0.985807277,698.0,-1.030372821,,,,,,,,
364,pcoli__TP53B,-0.9187692860000001,0.06515266891189088,2.0,699.0,-0.872699392,700.0,-0.96483918,,,,,,,,
365,pcoli__WT,-0.055367863,0.043697888101356316,2.0,701.0,-0.02446879,702.0,-0.086266936,,,,,,,,
366,cck__glu_ale4,-0.9351179494999999,0.30556974738302883,2.0,703.0,-1.15118839,704.0,-0.719047509,,,,,,,,
367,cck__cck_ale1,-1.023235664,0.1022036189198052,2.0,705.0,-1.095504536,706.0,-0.950966792,,,,,,,,
368,cck__cck_ale2,-1.1253823595,0.1745917487777993,2.0,707.0,-1.00192735,708.0,-1.248837369,,,,,,,,
369,cck_pgi__gmos_delpgi,-0.5706333910000001,0.023226914854981476,2.0,709.0,-0.5542094820000001,710.0,-0.5870573,,,,,,,,
370,cck_pgi__pgi_ale1,-0.19172347450000002,0.3222335063986441,2.0,711.0,0.036130023000000004,712.0,-0.41957697200000005,,,,,,,,
371,cck_pgi__pgi_ale2,-0.43679838200000004,,1.0,713.0,-0.43679838200000004,,,,,,,,,,
372,cck_pgi__pgi_ale3,-0.5938100895,0.22928715975250566,2.0,714.0,-0.755940595,715.0,-0.431679584,,,,,,,,
373,cck_pgi__pgi_ale4,-0.32421834033333335,0.16682411849994433,3.0,716.0,-0.15021985100000002,717.0,-0.482797476,718.0,-0.33963769400000005,,,,,,
374,cck_pgi__pgi_ale5,-0.6051496795000001,0.231414049269074,2.0,719.0,-0.44151523600000003,720.0,-0.7687841230000001,,,,,,,,
375,cck_pgi__pgi_ale6,-0.840700651,0.15709631834331694,2.0,721.0,-0.729616779,722.0,-0.951784523,,,,,,,,
376,cck_pgi__pgi_ale7,-0.6340132325000001,0.05795340193348948,2.0,723.0,-0.593033989,724.0,-0.674992476,,,,,,,,
377,cck_pgi__pgi_ale8,-1.2424062925000001,0.06423603861326428,2.0,725.0,-1.287828031,726.0,-1.196984554,,,,,,,,
378,cck_sdh__gmos_delsdhCB,-1.3925234720000002,0.09875375807148107,2.0,727.0,-1.3226940200000001,728.0,-1.4623529240000002,,,,,,,,
379,cck_sdh__sdh_ale1,-0.6772147290000001,0.09373206248818948,2.0,729.0,-0.7434933060000001,730.0,-0.6109361520000001,,,,,,,,
380,cck_sdh__sdh_ale2,-0.639067994,,1.0,731.0,-0.639067994,,,,,,,,,,
381,cck_sdh__sdh_ale3,-0.9814118163333334,0.06499094751631974,3.0,732.0,-0.93932844,733.0,-1.056263962,734.0,-0.948643047,,,,,,
382,cck_pts__gmos_delptsHIcrr,-1.7592976260000002,0.2851737493757701,2.0,735.0,-1.5576493340000002,736.0,-1.9609459180000002,,,,,,,,
383,cck_pts__pts_ale1,-0.5442862395,0.18954371824167404,2.0,737.0,-0.410258591,738.0,-0.678313888,,,,,,,,
384,cck_pts__pts_ale2,-1.2805957879999998,0.2353190683884869,2.0,739.0,-1.114200079,740.0,-1.446991497,,,,,,,,
385,cck_pts__pts_ale3,-1.3912633269999999,0.07288194424259677,2.0,741.0,-1.442798644,742.0,-1.33972801,,,,,,,,
386,cck_pts__pts_ale4,-1.0462630210000001,0.041643950791403116,2.0,743.0,-1.016816301,744.0,-1.075709741,,,,,,,,
387,cck_gnd__gmos_delgnd,-1.3735512239999998,0.23812083334494158,2.0,745.0,-1.54192808,746.0,-1.205174368,,,,,,,,
388,cck_gnd__gnd_ale1,-1.101880648,0.1699412467779712,2.0,747.0,-1.222047256,748.0,-0.9817140400000001,,,,,,,,
389,cck_gnd__gnd_ale2,-0.778418888,0.11473052890804807,2.0,749.0,-0.859545623,750.0,-0.697292153,,,,,,,,
390,cck_gnd__gnd_ale3,-1.079005817,0.10651298361701082,2.0,751.0,-1.003689764,752.0,-1.15432187,,,,,,,,
391,cck_tpiA__gmos_deltpiA,-1.000828732,0.1930058862835247,2.0,753.0,-1.137304503,754.0,-0.864352961,,,,,,,,
392,cck_tpiA__tpiA_ale1,-0.518094012,0.06352333932454524,2.0,755.0,-0.47317622800000003,756.0,-0.5630117960000001,,,,,,,,
393,cck_tpiA__tpiA_ale2,-0.790421385,0.26363330682133546,2.0,757.0,-0.604004486,758.0,-0.9768382840000001,,,,,,,,
394,cck_tpiA__tpiA_ale3,-0.438098062,0.20128449448775815,2.0,759.0,-0.295768431,760.0,-0.5804276930000001,,,,,,,,
395,cck_tpiA__tpiA_ale4,-0.45496054900000005,0.057255366625198804,2.0,761.0,-0.495446207,762.0,-0.414474891,,,,,,,,
396,acid_tale__acid_ale1_pH7,-1.2604487125000001,0.04925253925801645,2.0,763.0,-1.225621908,764.0,-1.295275517,,,,,,,,
397,acid_tale__acid_ale1_pH5,-1.9326019915,0.09174057472783027,2.0,765.0,-1.997472374,766.0,-1.867731609,,,,,,,,
398,acid_tale__acid_ale2_pH7,-0.7004244020000001,0.13424953985126056,2.0,767.0,-0.6054956420000001,768.0,-0.7953531620000001,,,,,,,,
399,acid_tale__acid_ale2_pH5,-1.0340225855,0.46942604615246886,2.0,769.0,-0.702088245,770.0,-1.365956926,,,,,,,,
400,acid_tale__low_Mg_ale_pH7,-0.8217297050000001,0.10284620786406273,2.0,771.0,-0.7490064540000001,772.0,-0.8944529560000001,,,,,,,,
401,acid_tale__low_Mg_ale_pH5,-1.1195853654999999,0.1343659699325305,2.0,773.0,-1.024574277,774.0,-1.214596454,,,,,,,,
402,acid_tale__MES_ale_pH7,-0.9484597335,0.09231619641726879,2.0,775.0,-1.013737142,776.0,-0.883182325,,,,,,,,
403,acid_tale__MES_ale_pH5,-0.9427641785,0.048059894777100876,2.0,777.0,-0.976747656,778.0,-0.9087807010000001,,,,,,,,
404,acid_tale__gmos_pH7,-0.9663961175,0.06524891957983912,2.0,779.0,-1.012534071,780.0,-0.920258164,,,,,,,,
405,acid_tale__gmos_pH5,-0.8392116085000001,0.038887408849139035,2.0,781.0,-0.8117140580000001,782.0,-0.866709159,,,,,,,,
406,adnB__wt_adn,-0.40664427550000004,0.31304453781161284,2.0,783.0,-0.628000191,784.0,-0.18528836,,,,,,,,
407,adnB__delydhB_adn,-0.1840609075,0.07632323566383971,2.0,785.0,-0.23802958500000002,786.0,-0.13009223,,,,,,,,
408,ytf2__wt_glc,0.0010582930000000018,0.13833872563894034,2.0,787.0,0.09887854400000001,788.0,-0.09676195800000001,,,,,,,,
409,ytf2__ybcM_glc,-0.968283803,0.0220205737157145,2.0,789.0,-0.9838547,790.0,-0.952712906,,,,,,,,
410,ytf2__ydhB_glc,-0.049122690000000004,0.08738428854594549,2.0,791.0,-0.11091271300000001,792.0,0.012667333000000001,,,,,,,,
411,ytf2__yfeC_glc,-0.2756485155,0.08802435806874165,2.0,793.0,-0.213405895,794.0,-0.33789113600000004,,,,,,,,
412,ytf2__yciT_glc,-0.246077813,0.0775115660862831,2.0,795.0,-0.300886767,796.0,-0.191268859,,,,,,,,
413,ytf2__ydiZ_glc,-0.31134755850000007,0.014900818066430472,2.0,797.0,-0.32188402800000004,798.0,-0.30081108900000003,,,,,,,,
414,ytf2__ynfL_glc,-0.07743384600000001,0.11312306447659025,2.0,799.0,-0.15742393200000002,800.0,0.00255624,,,,,,,,
415,misc2__dellon_glc,-0.365241347,0.22739652804656066,2.0,801.0,-0.526034974,802.0,-0.20444772,,,,,,,,
416,ytf3__wt_glc2,-0.5363414205000001,0.05714099422466223,2.0,803.0,-0.5767462050000001,804.0,-0.49593663600000004,,,,,,,,
417,ytf3__wt_pH7_lactate,-0.9962553515000001,0.0999596897959217,2.0,805.0,-1.066937526,806.0,-0.9255731770000001,,,,,,,,
418,ytf3__wt_pH55_lactate,-0.6935662395,0.10812379337065049,2.0,807.0,-0.617111172,808.0,-0.770021307,,,,,,,,
419,ytf3__wt_pH55_HCl,-0.6230037705,0.22176626454757475,2.0,809.0,-0.46619134100000004,810.0,-0.7798162,,,,,,,,
420,ytf3__dyieP_pH7,-0.659342474,0.22613982110548336,2.0,811.0,-0.8192474750000001,812.0,-0.499437473,,,,,,,,
421,ytf3__dyieP_pH55,-0.850153345,0.2653018468939114,2.0,813.0,-1.03775008,814.0,-0.66255661,,,,,,,,
