,condition,X_avg,X_std,n,rep1_idx,rep1_X,rep2_idx,rep2_X,rep3_idx,rep3_X,rep4_idx,rep4_X,rep5_idx,rep5_X,rep6_idx,rep6_X
0,control__wt_glc,0.0,0.1179063575943912,2.0,0.0,0.08337238500000001,1.0,-0.08337238500000001,,,,,,,,
1,fur__wt_dpd,0.7862628850000001,0.09956425517778557,2.0,2.0,0.7158603250000001,3.0,0.8566654450000001,,,,,,,,
2,fur__wt_fe,-0.081856255,0.006874760827272468,2.0,4.0,-0.076995065,5.0,-0.086717445,,,,,,,,
3,fur__delfur_dpd,0.65583643,0.04803661328633034,2.0,6.0,0.689803445,7.0,0.621869415,,,,,,,,
4,fur__delfur_fe2,0.35081457000000005,0.021219065350812458,2.0,8.0,0.365818715,9.0,0.335810425,,,,,,,,
5,acid__wt_ph5,0.29295739,0.012303594353035633,2.0,10.0,0.284257435,11.0,0.301657345,,,,,,,,
6,acid__delgadx_ph5,0.036205125000000005,,1.0,12.0,0.036205125000000005,,,,,,,,,,
7,acid__delgadw_ph5,0.18918026000000002,0.008480805388313669,2.0,13.0,0.19517709500000002,14.0,0.183183425,,,,,,,,
8,acid__delgade_ph5,0.285873465,0.06549573732313274,2.0,15.0,0.33218594500000004,16.0,0.239560985,,,,,,,,
9,oxidative__wt_pq,0.9477114050000001,0.0015510811509395906,2.0,17.0,0.946614625,18.0,0.9488081850000001,,,,,,,,
10,oxidative__deloxyr_pq,0.92107147,0.0652839800553708,2.0,19.0,0.874908725,20.0,0.9672342150000001,,,,,,,,
11,oxidative__delsoxr_pq,1.11977852,0.06852313722503701,2.0,21.0,1.071325345,22.0,1.168231695,,,,,,,,
12,oxidative__delsoxs_pq,1.077641185,0.08132097093385077,2.0,23.0,1.135143795,24.0,1.020138575,,,,,,,,
13,nac_ntrc__wt_csn,0.19278466,0.02862441082241607,2.0,25.0,0.172544145,26.0,0.213025175,,,,,,,,
14,nac_ntrc__wt_cytd,0.5277625850000001,0.09932294791763785,2.0,27.0,0.457530655,28.0,0.597994515,,,,,,,,
15,nac_ntrc__wt_gln,1.07825336,0.05272290691010172,2.0,29.0,1.040972635,30.0,1.115534085,,,,,,,,
16,nac_ntrc__bw_delnac_csn,0.024507664999999998,0.2701027978822523,2.0,31.0,0.215499185,32.0,-0.16648385500000001,,,,,,,,
17,nac_ntrc__bw_delnac_cytd,0.44379358,0.029347781059569922,2.0,33.0,0.46454559500000003,34.0,0.423041565,,,,,,,,
18,nac_ntrc__bw_delnac_gln,0.8253466600000001,0.029903524563175667,2.0,35.0,0.8464916450000001,36.0,0.8042016750000001,,,,,,,,
19,nac_ntrc__bw_delnac_nh4,-0.247437525,0.07721137945867952,2.0,37.0,-0.302034215,38.0,-0.19284083500000002,,,,,,,,
20,misc__wt_no_te,0.689161965,0.2542505810767641,2.0,39.0,0.868944275,40.0,0.509379655,,,,,,,,
21,misc__bw_delcbl,-0.31830357,0.029840054658496366,2.0,41.0,-0.339403675,42.0,-0.297203465,,,,,,,,
22,misc__bw_delfabr,-0.606387899,0.01992876659498807,2.0,43.0,-0.6204796650000001,44.0,-0.5922961330000001,,,,,,,,
23,misc__bw_delfadr,-0.19937839000000002,0.08891366434712976,2.0,45.0,-0.26224984500000004,46.0,-0.136506935,,,,,,,,
24,misc__nitr_031,0.036167395000000005,,1.0,47.0,0.036167395000000005,,,,,,,,,,
25,omics__wt_glu,-0.19487643000000002,0.08004190669056585,2.0,48.0,-0.13827825500000002,49.0,-0.251474605,,,,,,,,
26,omics__wt_gly,-0.871874512,0.0006359789100670245,2.0,50.0,-0.8723242170000001,51.0,-0.871424807,,,,,,,,
27,omics__wt_thr,-0.26324628000000005,0.1096259957653405,2.0,52.0,-0.185728995,53.0,-0.34076356500000005,,,,,,,,
28,omics__bw_ac,0.6266910050000001,0.030006189396736153,2.0,54.0,0.647908585,55.0,0.605473425,,,,,,,,
29,omics__bw_fum,0.006050075,0.0175452001452762,2.0,56.0,0.018456405000000002,57.0,-0.006356255000000001,,,,,,,,
30,omics__bw_glc,0.15962485,0.006366442975480887,2.0,58.0,0.164126605,59.0,0.15512309500000002,,,,,,,,
31,omics__bw_pyr,0.652197175,0.01028906834663859,2.0,60.0,0.644921705,61.0,0.659472645,,,,,,,,
32,ompr__wt_nacl,0.18084329500000002,0.13676676928160655,2.0,62.0,0.277552005,63.0,0.08413458500000001,,,,,,,,
33,ompr__bw_delompr_nacl,-0.06148835500000001,0.10038168475897286,2.0,64.0,0.009492215,65.0,-0.13246892500000002,,,,,,,,
34,minspan__wt_ade,0.323090545,,1.0,66.0,0.323090545,,,,,,,,,,
35,minspan__wt_glc,-0.013223688333333336,0.06281503497685116,3.0,67.0,-0.0050519250000000005,68.0,0.045105535,69.0,-0.07972467500000001,,,,,,
36,minspan__wt_glc_anaero,-0.17124734000000003,0.0016739692384419862,2.0,70.0,-0.17243101500000002,71.0,-0.170063665,,,,,,,,
37,minspan__wt_trp,0.631325145,,1.0,72.0,0.631325145,,,,,,,,,,
38,minspan__bw_delcra_glc,0.5065485750000001,,1.0,73.0,0.5065485750000001,,,,,,,,,,
39,minspan__bw_delcra_trp,0.906130685,,1.0,74.0,0.906130685,,,,,,,,,,
40,minspan__bw_delmntr,0.004072415,,1.0,75.0,0.004072415,,,,,,,,,,
41,minspan__bw_delnac_ade,0.073518865,,1.0,76.0,0.073518865,,,,,,,,,,
42,minspan__bw_delnac_glc,0.12347822500000001,,1.0,77.0,0.12347822500000001,,,,,,,,,,
43,cra_crp__wt_ac,-0.32952306500000006,0.03294198361513768,2.0,78.0,-0.30622956500000004,79.0,-0.352816565,,,,,,,,
44,cra_crp__wt_fru,-0.175751015,0.12354681403762788,2.0,80.0,-0.26311180500000003,81.0,-0.088390225,,,,,,,,
45,cra_crp__delcra_ac,0.055142545,0.04816084487671702,2.0,82.0,0.08919740500000001,83.0,0.021087685000000002,,,,,,,,
46,cra_crp__delcra_fru,0.30266550000000003,0.0325677332090591,2.0,84.0,0.279636635,85.0,0.32569436500000004,,,,,,,,
47,cra_crp__delcra_glc,-0.08202911500000001,0.07743592828811315,2.0,86.0,-0.027273645000000003,87.0,-0.13678458500000001,,,,,,,,
48,rpoB__wt_031,-0.018986005,,1.0,88.0,-0.018986005,,,,,,,,,,
49,rpoB__wt_044,-0.16863898500000002,,1.0,89.0,-0.16863898500000002,,,,,,,,,,
50,rpoB__wt_lb,0.335246415,0.05960160632214535,2.0,90.0,0.377391115,91.0,0.29310171500000004,,,,,,,,
51,rpoB__rpoBE546V_031,0.34542376500000005,,1.0,92.0,0.34542376500000005,,,,,,,,,,
52,rpoB__rpoBE546V_044,0.433644805,,1.0,93.0,0.433644805,,,,,,,,,,
53,rpoB__rpoBE546V_lb,0.16962148500000002,0.020945096828441742,2.0,94.0,0.154811065,95.0,0.184431905,,,,,,,,
54,rpoB__rpoBE546V_glc,-0.25137586500000003,,1.0,96.0,-0.25137586500000003,,,,,,,,,,
55,rpoB__rpoBE672K_glc,-0.8551888065,0.01900648085632542,2.0,97.0,-0.868628418,98.0,-0.841749195,,,,,,,,
56,rpoB__rpoBE672K_lb,-0.7191970015,0.0156775069833129,2.0,99.0,-0.730282673,100.0,-0.70811133,,,,,,,,
57,crp__wt_fru,-0.120886425,,1.0,101.0,-0.120886425,,,,,,,,,,
58,crp__wt_glyc,-0.2310872,0.005809624669567736,2.0,102.0,-0.235195225,103.0,-0.226979175,,,,,,,,
59,crp__delar1_glyc,0.8533729800000001,0.05043271532505913,2.0,104.0,0.817711665,105.0,0.8890342950000001,,,,,,,,
60,crp__delar1ar2_glyc,0.45869656500000006,0.032854499643666796,3.0,106.0,0.427391075,107.0,0.49290713500000005,108.0,0.45579148500000005,,,,,,
61,crp__delar2_glyc,0.9068729750000001,0.15173244720911971,3.0,109.0,1.075854265,110.0,0.8624663450000001,111.0,0.782298315,,,,,,
62,crp__delcrp_fru,0.7409668716666667,0.06309320448484554,3.0,112.0,0.7741806250000001,113.0,0.780515025,114.0,0.668204965,,,,,,
63,crp__delcrp_glc,0.8986195050000001,0.01648922648895637,3.0,115.0,0.9036337950000001,116.0,0.880205215,117.0,0.9120195050000001,,,,,,
64,crp__delcrp_glyc,0.8735404883333334,0.03707082823117433,3.0,118.0,0.895131325,119.0,0.8307353350000001,120.0,0.894754805,,,,,,
65,glu__glu_ale3,0.6064907850000001,,1.0,121.0,0.6064907850000001,,,,,,,,,,
66,glu__glu_ale4,-0.26191363500000003,,1.0,122.0,-0.26191363500000003,,,,,,,,,,
67,glu__glu_ale5,-0.846024697,,1.0,123.0,-0.846024697,,,,,,,,,,
68,glu__glu_ale6,-0.775242359,,1.0,124.0,-0.775242359,,,,,,,,,,
69,glu__glu_ale8,0.6607472950000001,,1.0,125.0,0.6607472950000001,,,,,,,,,,
70,glu__glu_ale9,-0.066971575,,1.0,126.0,-0.066971575,,,,,,,,,,
71,glu__glu_ale10,0.21387256500000001,,1.0,127.0,0.21387256500000001,,,,,,,,,,
72,42c__wt_42c,-0.314610025,,1.0,128.0,-0.314610025,,,,,,,,,,
73,42c__42c_ale1,0.116353545,,1.0,129.0,0.116353545,,,,,,,,,,
74,42c__42c_ale2,-0.254239745,,1.0,130.0,-0.254239745,,,,,,,,,,
75,42c__42c_ale3,-0.295363645,,1.0,131.0,-0.295363645,,,,,,,,,,
76,42c__42c_ale4,-0.598037926,,1.0,132.0,-0.598037926,,,,,,,,,,
77,42c__42c_ale5,-0.42064137500000004,,1.0,133.0,-0.42064137500000004,,,,,,,,,,
78,42c__42c_ale6,-0.051506065000000004,,1.0,134.0,-0.051506065000000004,,,,,,,,,,
79,42c__42c_ale8,0.068028155,,1.0,135.0,0.068028155,,,,,,,,,,
80,42c__42c_ale9,-0.241751655,,1.0,136.0,-0.241751655,,,,,,,,,,
81,42c__42c_ale10,-0.179127275,,1.0,137.0,-0.179127275,,,,,,,,,,
82,ssw__wt_ac,-0.346710805,,1.0,138.0,-0.346710805,,,,,,,,,,
83,ssw__wt_glc,-0.342105245,,1.0,139.0,-0.342105245,,,,,,,,,,
84,ssw__wt_glyc,-0.589388949,,1.0,140.0,-0.589388949,,,,,,,,,,
85,ssw__wt_xyl,-0.050211675000000004,,1.0,141.0,-0.050211675000000004,,,,,,,,,,
86,ssw__glc_ale1,0.112337685,,1.0,142.0,0.112337685,,,,,,,,,,
87,ssw__glc_ale2,0.8555401050000001,,1.0,143.0,0.8555401050000001,,,,,,,,,,
88,ssw__glc_ale3,0.353007465,,1.0,144.0,0.353007465,,,,,,,,,,
89,ssw__glyc_ale1,0.5749310550000001,,1.0,145.0,0.5749310550000001,,,,,,,,,,
90,ssw__glyc_ale2,0.20948735500000001,,1.0,146.0,0.20948735500000001,,,,,,,,,,
91,ssw__xyl_ale1,0.125166975,,1.0,147.0,0.125166975,,,,,,,,,,
92,ssw__xyl_ale2,-0.22523246500000002,,1.0,148.0,-0.22523246500000002,,,,,,,,,,
93,ssw__xyl_ale3,-0.522299721,,1.0,149.0,-0.522299721,,,,,,,,,,
94,ssw__glc_ac_ac2,0.171467045,,1.0,150.0,0.171467045,,,,,,,,,,
95,ssw__glc_ac_glc1,0.336416765,,1.0,151.0,0.336416765,,,,,,,,,,
96,ssw__glc_glyc_glc,0.527257035,,1.0,152.0,0.527257035,,,,,,,,,,
97,ssw__glc_glyc_glyc,0.27466824500000003,,1.0,153.0,0.27466824500000003,,,,,,,,,,
98,ssw__glc_xyl_glc,-0.35453504500000005,,1.0,154.0,-0.35453504500000005,,,,,,,,,,
99,ssw__glc_xyl_xyl,-0.20853702500000001,,1.0,155.0,-0.20853702500000001,,,,,,,,,,
100,ica__wt_glc,-0.5535108581666668,0.49626948127710147,6.0,156.0,-1.114766093,157.0,-1.198454692,158.0,-0.531726669,159.0,-0.262344285,180.0,-0.197048255,181.0,-0.016725155000000002
101,ica__arg_sbt,-0.6329028675,0.11335874245965295,2.0,160.0,-0.713059603,161.0,-0.552746132,,,,,,,,
102,ica__cytd_rib,0.7790977800000001,0.08797806308067059,2.0,162.0,0.8413076650000001,163.0,0.716887895,,,,,,,,
103,ica__gth,0.13533878500000002,0.14044390839153972,2.0,164.0,0.23464762500000003,165.0,0.036029945,,,,,,,,
104,ica__leu_glcr,-0.43968508250000005,0.07133458318043294,2.0,166.0,-0.38924391500000005,167.0,-0.49012625,,,,,,,,
105,ica__met_glc,-1.2212102635,0.043305395047429786,2.0,168.0,-1.2518318019999999,169.0,-1.190588725,,,,,,,,
106,ica__no3_anaero,-0.17600237000000002,0.08291618261900419,2.0,170.0,-0.11737177500000001,171.0,-0.23463296500000003,,,,,,,,
107,ica__phe_acgam,-0.9718795495000001,0.11980780237723417,2.0,172.0,-0.88716264,173.0,-1.056596459,,,,,,,,
108,ica__thm_gal,-0.160763655,0.005748735704639762,2.0,174.0,-0.164828625,175.0,-0.156698685,,,,,,,,
109,ica__tyr_glcn,-0.6244438765,0.01756795554860161,2.0,176.0,-0.612021456,177.0,-0.6368662970000001,,,,,,,,
110,ica__ura_pyr,-0.21417132000000003,0.14377677842291658,2.0,178.0,-0.315836855,179.0,-0.11250578500000001,,,,,,,,
111,ica__bw_delpurR_cytd,-0.5012848560000001,0.36059756147739647,2.0,182.0,-0.756265837,183.0,-0.246303875,,,,,,,,
112,ica__ade_glc,-0.531108009,0.3151621649364543,2.0,184.0,-0.308254705,185.0,-0.753961313,,,,,,,,
113,ytf__wt_glc,0.028620870000000003,0.027880209219488476,2.0,186.0,0.048335155000000005,187.0,0.008906585,,,,,,,,
114,ytf__delyafC,0.9037676300000002,0.03887431959551253,2.0,188.0,0.9312559250000001,189.0,0.8762793350000001,,,,,,,,
115,ytf__delyeiE,0.24145794,0.18813860726489512,2.0,190.0,0.374492025,191.0,0.10842385500000001,,,,,,,,
116,ytf__delyiaJ,0.933951575,0.05822830595813176,2.0,192.0,0.8927779450000001,193.0,0.9751252050000001,,,,,,,,
117,ytf__delyieP,0.41880900000000004,0.003275792371999487,2.0,194.0,0.41649266500000004,195.0,0.42112533500000005,,,,,,,,
118,ytf__wt_ph5,0.103939175,0.037543749694286,2.0,196.0,0.077391735,197.0,0.130486615,,,,,,,,
119,ytf__wt_ph8,0.190036525,0.024599636805648167,2.0,198.0,0.172641955,199.0,0.207431095,,,,,,,,
120,ytf__delybaO,0.727991415,0.08133449081550709,2.0,200.0,0.7855035850000001,201.0,0.670479245,,,,,,,,
121,ytf__delybaQ,-0.122327615,0.024963117975449294,2.0,202.0,-0.104676025,203.0,-0.139979205,,,,,,,,
122,ytf__delybiH,0.34421207500000006,0.22724357095029513,2.0,204.0,0.183526605,205.0,0.5048975450000001,,,,,,,,
123,ytf__delydcI_ph5,-0.11412459500000001,0.027445317335855316,2.0,206.0,-0.133531365,207.0,-0.094717825,,,,,,,,
124,ytf__delydcI_ph8,0.10948509,0.25944580066415884,2.0,208.0,0.292940975,209.0,-0.073970795,,,,,,,,
125,ytf__delyddM,0.52703012,0.047865733861588856,2.0,210.0,0.5608763050000001,211.0,0.493183935,,,,,,,,
126,ytf__delyheO,0.79809839,0.00014254565601945604,2.0,212.0,0.7981991850000001,213.0,0.797997595,,,,,,,,
127,fps__bw_glc,-0.5289292435,0.09199907882489643,2.0,214.0,-0.593982416,215.0,-0.46387607100000006,,,,,,,,
128,fps__fps_thrA_ale1,0.183944025,0.09439613899331371,2.0,216.0,0.250692175,217.0,0.117195875,,,,,,,,
129,fps__fps_thrA_ale2,-0.06729486000000001,0.014977051955616971,2.0,218.0,-0.056704485000000006,219.0,-0.07788523500000001,,,,,,,,
130,fps__fps_serB_ale1,-0.11394336000000002,0.08578788467875899,2.0,220.0,-0.053282165000000006,221.0,-0.17460455500000002,,,,,,,,
131,fps__fps_serB_ale4,0.339773035,0.012683544039770601,2.0,222.0,0.330804415,223.0,0.34874165500000004,,,,,,,,
132,fps__fps_ptsI_ale1,0.12808722500000003,0.07559189279772799,2.0,224.0,0.18153876500000002,225.0,0.07463568500000001,,,,,,,,
133,fps__fps_ptsI_ale3,-0.06633266,0.025823419440779916,2.0,226.0,-0.048072745,227.0,-0.084592575,,,,,,,,
134,pal__lyx_ale2_f6,0.168173235,,1.0,228.0,0.168173235,,,,,,,,,,
135,pal__lyx_ale2,0.36041953000000004,0.059181634391595246,2.0,229.0,0.40226726500000004,230.0,0.31857179500000005,,,,,,,,
136,pal__lyx_ale4,-0.222003575,0.045755479739154725,2.0,231.0,-0.18964956500000002,232.0,-0.254357585,,,,,,,,
137,pal__5drib_ale10_f18,-0.27234865,0.009992825960660466,2.0,233.0,-0.26528265500000003,234.0,-0.279414645,,,,,,,,
138,pal__5drib_ale10,-0.027787695,,1.0,235.0,-0.027787695,,,,,,,,,,
139,pal__arab_ale14_f9,0.38680487500000005,0.04657862274313403,2.0,236.0,0.353868815,237.0,0.41974093500000004,,,,,,,,
140,pal__arab_ale14,-0.14094816500000001,0.09506784800903406,2.0,238.0,-0.073725045,239.0,-0.208171285,,,,,,,,
141,pal__arab_ale16,-0.564492497,0.12192741081527654,2.0,240.0,-0.6507081960000001,241.0,-0.478276798,,,,,,,,
142,pal__tartr_ale26_f10,0.218657985,0.044974070177401106,2.0,242.0,0.186856515,243.0,0.250459455,,,,,,,,
143,pal__tartr_ale26,0.06222467,0.10382496244316416,2.0,244.0,0.135640005,245.0,-0.011190665,,,,,,,,
144,pal__tartr_ale28_f10,0.31686749000000003,0.15720878084843753,2.0,246.0,0.428030885,247.0,0.205704095,,,,,,,,
145,pal__tartr_ale28,-0.113960665,0.07424601403468875,2.0,248.0,-0.166460525,249.0,-0.06146080500000001,,,,,,,,
146,efeU__delmenFentC_citr,-0.13096475000000002,0.020735248748989007,2.0,250.0,-0.145626785,251.0,-0.116302715,,,,,,,,
147,efeU__delmenFentC,0.490080265,0.08414306238183754,2.0,252.0,0.549578395,253.0,0.43058213500000003,,,,,,,,
148,efeU__menFentC_ale39,0.22138979,0.04346501238246745,2.0,254.0,0.190655385,255.0,0.252124195,,,,,,,,
149,efeU__menFentC_ale29,0.5111813350000001,0.014843939104058576,2.0,256.0,0.5006850850000001,257.0,0.521677585,,,,,,,,
150,efeU__menFentC_ale30,-0.204859275,0.02141615722393259,2.0,258.0,-0.189715765,259.0,-0.220002785,,,,,,,,
151,efeU__menFentCubiC_ale36,0.27203814000000004,0.0214301650092679,2.0,260.0,0.28719155500000004,261.0,0.25688472500000004,,,,,,,,
152,efeU__menFentCubiC_ale37,0.418381035,0.1018074383040149,2.0,262.0,0.346392305,263.0,0.490369765,,,,,,,,
153,efeU__menFentCubiC_ale38,-0.292358915,0.04223742551285294,2.0,264.0,-0.32222528500000003,265.0,-0.262492545,,,,,,,,
154,misc2__salc_glc,-0.15817779,0.12039506233718412,2.0,266.0,-0.24330995500000002,267.0,-0.073045625,,,,,,,,
155,misc2__dbcn_glc,-0.9532084590000001,0.4506876591753761,2.0,268.0,-1.271892759,269.0,-0.634524159,,,,,,,,
156,misc2__tyr_glc,0.33266222,0.11062911158726736,2.0,270.0,0.254435625,271.0,0.410888815,,,,,,,,
157,misc2__arg_cytd,-0.5006068015,0.015272193376336812,2.0,272.0,-0.48980773,273.0,-0.5114058730000001,,,,,,,,
158,misc2__delyheO_pyr,0.087633625,0.04001040684764153,2.0,274.0,0.115925255,275.0,0.059341995,,,,,,,,
159,nquinone__delubiC,-0.17188858,0.20451546901775244,2.0,276.0,-0.316502855,277.0,-0.027274305000000002,,,,,,,,
160,nquinone__ubiC_ale1,0.154033305,0.0912010204339798,2.0,278.0,0.21852216500000002,279.0,0.089544445,,,,,,,,
161,nquinone__ubiC_ale2,0.24137508000000002,0.01383407041237142,2.0,280.0,0.25115724500000003,281.0,0.231592915,,,,,,,,
162,nquinone__ubiC_ale3,-0.38008417000000005,0.02572046469343916,2.0,282.0,-0.39827128500000003,283.0,-0.361897055,,,,,,,,
163,nquinone__ubiC_ale4,0.19338064,0.05812023882876301,2.0,284.0,0.234477855,285.0,0.152283425,,,,,,,,
164,nquinone__delpdhR,-0.052067695000000004,0.022672445557795476,2.0,286.0,-0.068099535,287.0,-0.036035855000000006,,,,,,,,
165,quinone__glu_ale4,0.04372039,0.318884560294597,2.0,288.0,-0.18176504500000001,289.0,0.269205825,,,,,,,,
166,quinone__delmenF,-0.05143299500000001,0.2821006463341706,2.0,290.0,0.148042285,291.0,-0.250908275,,,,,,,,
167,quinone__menF_ale5,0.375706765,0.15475031906267595,2.0,292.0,0.48513176500000005,293.0,0.266281765,,,,,,,,
168,quinone__menF_ale6,0.40154913000000003,0.027612809719114954,2.0,294.0,0.38202392500000004,295.0,0.421074335,,,,,,,,
169,quinone__menF_ale7,0.6638959200000001,0.038404178438837235,2.0,296.0,0.636740065,297.0,0.691051775,,,,,,,,
170,quinone__menF_ale8,0.8335347550000001,0.19568481547837893,2.0,298.0,0.695164695,299.0,0.971904815,,,,,,,,
171,quinone__delmenFubiC,0.098836485,0.07554817945651503,2.0,300.0,0.045415855000000005,301.0,0.152257115,,,,,,,,
172,quinone__menFubiC_ale1,0.5412229000000001,0.012555706204799896,2.0,302.0,0.5501011250000001,303.0,0.532344675,,,,,,,,
173,quinone__menFubiC_ale2,0.61170994,0.021175154019700767,2.0,304.0,0.626683035,305.0,0.596736845,,,,,,,,
174,quinone__menFubiC_ale3,-0.09508641500000001,0.08272689720474836,2.0,306.0,-0.15358316500000002,307.0,-0.036589665,,,,,,,,
175,quinone__menFubiC_ale4,0.80819493,0.046902993836867746,2.0,308.0,0.775029505,309.0,0.8413603550000001,,,,,,,,
176,oxyR__wt_glc,-0.47428225300000004,0.015963044479730605,2.0,310.0,-0.48556983000000004,311.0,-0.46299467600000005,,,,,,,,
177,oxyR__wt_h2o2,-0.2364536325,0.4052977218222897,2.0,312.0,-0.5230424,313.0,0.050135135000000004,,,,,,,,
178,oxyR__glu_ale4,0.38542934000000006,0.20572032240435184,2.0,314.0,0.5308955750000001,315.0,0.239963105,,,,,,,,
179,oxyR__glu_ale4_h2o2,0.24836238,0.10328119732843172,2.0,316.0,0.321393215,317.0,0.175331545,,,,,,,,
180,oxyR__oxyR_ale17,-0.09609314000000001,0.1175141678892739,2.0,318.0,-0.012998075000000001,319.0,-0.17918820500000002,,,,,,,,
181,oxyR__oxyR_ale17_h2o2,0.003358134999999998,0.15818152643411243,2.0,320.0,0.11520936500000001,321.0,-0.10849309500000001,,,,,,,,
182,oxyR__oxyR_ale18,-0.5839203575,0.1820977268580743,2.0,322.0,-0.712682895,323.0,-0.45515782,,,,,,,,
183,oxyR__oxyR_ale18_h2o2,-0.12854594500000002,0.10099071582960882,2.0,324.0,-0.19995716500000002,325.0,-0.057134725000000004,,,,,,,,
184,oxyR__oxyR_ale19,-0.6545962645000001,0.05489518066120694,2.0,326.0,-0.6934130190000001,327.0,-0.61577951,,,,,,,,
185,oxyR__oxyR_ale19_h2o2,-0.772720496,0.09445500704706108,2.0,328.0,-0.8395102720000001,329.0,-0.70593072,,,,,,,,
186,oxyR__oxyR_ale20,-0.681439149,0.09051529231921562,2.0,330.0,-0.6174351720000001,331.0,-0.7454431260000001,,,,,,,,
187,oxyR__oxyR_ale20_h2o2,-0.4736041245,0.11338411910781614,2.0,332.0,-0.553778804,333.0,-0.39342944500000004,,,,,,,,
188,svns_pgi__BmePgi24_15,-0.193939725,0.06806418956870786,2.0,334.0,-0.242068375,335.0,-0.145811075,,,,,,,,
189,svns_pgi__BmePgi24_26,-0.25632388,0.04780329633281004,2.0,336.0,-0.22252184500000002,337.0,-0.290125915,,,,,,,,
190,svns_pgi__BmePgi24_41,0.19086975250000002,0.8879244821361144,2.0,338.0,0.818727175,339.0,-0.43698767,,,,,,,,
191,svns_pgi__BmePgi24_52,-0.33658184500000005,0.1467589800593674,2.0,340.0,-0.23280757500000002,341.0,-0.44035611500000005,,,,,,,,
192,svns_pgi__PaePgi2_34,0.47777986000000006,0.012099693041612689,2.0,342.0,0.48633563500000004,343.0,0.469224085,,,,,,,,
193,svns_pgi__PaePgi2_63,0.35842983,0.06789225655486236,2.0,344.0,0.310422755,345.0,0.406436905,,,,,,,,
194,svns_pgi__PaePgi24_54,0.12592025,0.02590822982811544,2.0,346.0,0.107600365,347.0,0.14424013500000002,,,,,,,,
195,svns_pgi__PaePgi24_90,0.23531003,0.02951668058532411,2.0,348.0,0.21443858500000001,349.0,0.256181475,,,,,,,,
196,abx_media__m9_ctrl,-0.7087566055000001,0.09346541039968374,2.0,350.0,-0.7748466310000001,351.0,-0.64266658,,,,,,,,
197,abx_media__rpmi_ctrl,-2.0906838,0.2136968545916622,2.0,352.0,-1.939577305,353.0,-2.241790295,,,,,,,,
198,abx_media__camhb_ctrl,-1.3090647605,0.14116448626401465,2.0,354.0,-1.209246395,355.0,-1.408883126,,,,,,,,
199,abx_media__m9_mero,-0.726521909,0.04824074511456395,2.0,356.0,-0.692410551,357.0,-0.760633267,,,,,,,,
200,abx_media__rpmi_mero,-2.0538005365,0.09648389368507708,2.0,358.0,-2.122024952,359.0,-1.985576121,,,,,,,,
201,abx_media__camhb_mero,-1.7893809775,0.028183007192434998,2.0,360.0,-1.809309373,361.0,-1.769452582,,,,,,,,
202,abx_media__m9_trisulf,-0.6638207985,0.01369194124224616,2.0,362.0,-0.654139134,363.0,-0.673502463,,,,,,,,
203,abx_media__rpmi_trisulf,-1.434052205,0.0869639885178488,2.0,364.0,-1.495545031,365.0,-1.3725593790000001,,,,,,,,
204,abx_media__camhb_trisulf,-1.6257939265,0.023914282750371368,2.0,366.0,-1.642703878,367.0,-1.608883975,,,,,,,,
205,abx_media__m9_cef,-0.7562485295000001,0.05482127103201008,2.0,368.0,-0.7174840370000001,369.0,-0.795013022,,,,,,,,
206,abx_media__rpmi_cef,-2.3816734139999998,0.0058854081317347515,2.0,370.0,-2.385835026,371.0,-2.377511802,,,,,,,,
207,abx_media__camhb_cef,-1.464326614,0.049072137226252546,2.0,372.0,-1.499025855,373.0,-1.429627373,,,,,,,,
208,abx_media__m9_cipro,-0.756455929,0.058099872739251296,2.0,374.0,-0.797538743,375.0,-0.715373115,,,,,,,,
209,abx_media__rpmi_cipro,-1.931367191,0.054289878164628096,2.0,376.0,-1.969755932,377.0,-1.89297845,,,,,,,,
210,abx_media__camhb_cipro,-1.3034178035,0.024747250295968328,2.0,378.0,-1.285918855,379.0,-1.320916752,,,,,,,,
211,hot_tale__42c_ale3_30c,-0.31271217,0.0013944782121101656,2.0,380.0,-0.311726125,381.0,-0.313698215,,,,,,,,
212,hot_tale__42c_ale3_37c,-0.32169750500000005,0.049289585289389475,2.0,382.0,-0.356550505,383.0,-0.286844505,,,,,,,,
213,hot_tale__42c_ale3_44c,0.8997643100000001,0.02252725532241439,2.0,384.0,0.8838351350000001,385.0,0.915693485,,,,,,,,
214,hot_tale__hot_ale3_mid_30c,-0.0006962550000000002,0.009460409909766068,2.0,386.0,0.005993265,387.0,-0.007385775000000001,,,,,,,,
215,hot_tale__hot_ale3_mid_37c,-0.5153392115,0.019308831230679398,2.0,388.0,-0.501685806,389.0,-0.528992617,,,,,,,,
216,hot_tale__hot_ale3_mid_44c,0.17293269500000003,0.0823595835161932,2.0,390.0,0.11469567500000001,391.0,0.23116971500000003,,,,,,,,
217,hot_tale__hot_ale3_30c,-0.391262792,0.08794855127205099,2.0,392.0,-0.45345180900000004,393.0,-0.329073775,,,,,,,,
218,hot_tale__hot_ale3_37c,-0.340337325,0.08952110442750805,2.0,394.0,-0.40363830500000003,395.0,-0.277036345,,,,,,,,
219,hot_tale__hot_ale3_44c,0.232950175,0.007702952573669392,2.0,396.0,0.227503365,397.0,0.238396985,,,,,,,,
220,hot_tale__hot_ale4_30c,-0.476881671,0.09844658240045226,2.0,398.0,-0.546493917,399.0,-0.407269425,,,,,,,,
221,hot_tale__hot_ale4_37c,-0.452575371,0.01046303499958676,2.0,400.0,-0.459973854,401.0,-0.44517688800000005,,,,,,,,
222,hot_tale__hot_ale4_44c,0.170999585,0.12475374631816394,2.0,402.0,0.082785365,403.0,0.259213805,,,,,,,,
223,hot_tale__hot_ale8_30c,-0.8436330295000001,0.09316267677345429,2.0,404.0,-0.9095089900000001,405.0,-0.7777570690000001,,,,,,,,
224,hot_tale__hot_ale8_37c,-0.715579328,0.016843843556434247,2.0,406.0,-0.727489724,407.0,-0.703668932,,,,,,,,
225,hot_tale__hot_ale8_44c,-0.042156285,0.07760433283912054,2.0,408.0,0.012718265000000001,409.0,-0.09703083500000001,,,,,,,,
226,hot_tale__hot_ale9_mid_30c,0.042744135,0.1305708309642732,2.0,410.0,-0.049583385,411.0,0.135071655,,,,,,,,
227,hot_tale__hot_ale9_30c,-0.5914189940000001,0.0020127709673661196,2.0,412.0,-0.592842238,413.0,-0.58999575,,,,,,,,
228,hot_tale__hot_ale9_mid_37c,-0.33306864,0.04889079827800368,2.0,414.0,-0.367639655,415.0,-0.29849762500000004,,,,,,,,
229,hot_tale__hot_ale9_37c,-0.37815468500000005,0.0026317524446269787,2.0,416.0,-0.38001561500000003,417.0,-0.376293755,,,,,,,,
230,hot_tale__hot_ale9_mid_44c,0.35163699000000004,0.2252190747382833,2.0,418.0,0.19238305500000003,419.0,0.510890925,,,,,,,,
231,hot_tale__hot_ale9_44c,0.31690791,0.09984868888051787,2.0,420.0,0.24630422500000002,421.0,0.38751159500000004,,,,,,,,
232,hot_tale__hot_ale10_30c,-0.407050734,0.07304079153834962,2.0,422.0,-0.45869837300000005,423.0,-0.355403095,,,,,,,,
233,hot_tale__hot_ale10_37c,-0.409310369,0.05362848300841814,2.0,424.0,-0.447231433,425.0,-0.371389305,,,,,,,,
234,hot_tale__hot_ale10_44c,0.24536622,0.09403328714854782,2.0,426.0,0.178874645,427.0,0.311857795,,,,,,,,
235,hot_tale__hot_ale16_30c,-0.419821294,0.06673858921393952,2.0,428.0,-0.467012603,429.0,-0.372629985,,,,,,,,
236,hot_tale__hot_ale16_37c,-0.428176884,0.0052950545796168974,2.0,430.0,-0.431921053,431.0,-0.424432715,,,,,,,,
237,hot_tale__hot_ale16_44c,0.19506705500000002,0.07709332091049263,2.0,432.0,0.140553845,433.0,0.24958026500000002,,,,,,,,
238,pdhr_ale__pdhR-13_51,0.627371285,0.060369764702819594,2.0,434.0,0.670059155,435.0,0.584683415,,,,,,,,
239,pdhr_ale__pdhR-14_46,1.106957535,0.02867689935878361,2.0,436.0,1.127235165,437.0,1.086679905,,,,,,,,
240,pdhr_ale__pdhR-15_51,0.52676236,0.1511742042985709,2.0,438.0,0.419866055,439.0,0.633658665,,,,,,,,
241,pdhr_ale__pdhR-16_49,0.98565729,0.010029652081824669,2.0,440.0,0.992749325,441.0,0.978565255,,,,,,,,
242,tcs__del_atoC_LiAcet,0.07579003000000001,0.0012840564171600825,2.0,442.0,0.07488206500000001,443.0,0.076697995,,,,,,,,
243,tcs__del_atoC_LiCl,0.17617661,0.2543346914283863,2.0,444.0,0.35601839500000004,445.0,-0.003665175,,,,,,,,
244,tcs__del_atoC_m9,0.42165663000000003,0.04418066101357075,2.0,446.0,0.390416185,447.0,0.45289707500000004,,,,,,,,
245,tcs__del_baeR_etoh,-1.022095239,0.02460489768010025,2.0,448.0,-1.004696949,449.0,-1.039493529,,,,,,,,
246,tcs__del_baeR_lb,0.5865832550000001,0.03679441449612705,2.0,450.0,0.560565675,451.0,0.6126008350000001,,,,,,,,
247,tcs__del_btsR_01xlb,0.93998227,0.0046514544726623305,2.0,452.0,0.9432713450000001,453.0,0.936693195,,,,,,,,
248,tcs__del_btsR_lb,-0.7097825295,0.034546807002767826,2.0,454.0,-0.685354248,455.0,-0.7342108110000001,,,,,,,,
249,tcs__del_btsR_pyruvate,1.0717041250000001,0.04082758187038759,2.0,456.0,1.100573585,457.0,1.042834665,,,,,,,,
250,tcs__del_cpxR_etoh,-1.3054371004999998,0.08438642661561169,2.0,458.0,-1.245766886,459.0,-1.365107315,,,,,,,,
251,tcs__del_cpxR_lb,0.50887514,0.017400702874540746,2.0,460.0,0.496570985,461.0,0.521179295,,,,,,,,
252,tcs__del_cusR_CuSO4,0.17830061000000003,0.008553241406978425,2.0,462.0,0.18434866500000002,463.0,0.172252555,,,,,,,,
253,tcs__del_cusR_lb,-0.992507625,0.07413858330142307,2.0,464.0,-1.04493152,465.0,-0.94008373,,,,,,,,
254,tcs__del_kdpE_01-kcl,1.16080048,0.03952447599654223,2.0,466.0,1.188748505,467.0,1.132852455,,,,,,,,
255,tcs__del_kdpE_115-kcl,0.321610045,0.008275624213616743,2.0,468.0,0.315758295,469.0,0.327461795,,,,,,,,
256,tcs__del_phoB_m9,0.35214504,0.010234925180403098,2.0,470.0,0.34490785500000004,471.0,0.359382225,,,,,,,,
257,tcs__del_phoB_m9p,0.09564558000000001,0.07452822742212813,2.0,472.0,0.042946165,473.0,0.148344995,,,,,,,,
258,tcs__del_rcsB_etoh,-1.200259144,0.12247567454335086,2.0,474.0,-1.113655764,475.0,-1.286862524,,,,,,,,
259,tcs__del_rcsB_lb,-0.124982885,0.007779433243122527,2.0,476.0,-0.130483775,477.0,-0.11948199500000001,,,,,,,,
260,tcs__del_zraR_lb,-1.0503096155,0.058521388283904796,2.0,478.0,-1.008928745,479.0,-1.091690486,,,,,,,,
261,tcs__del_zraR_zncl2,-0.36534452000000006,0.023065179735134313,2.0,480.0,-0.38165406500000004,481.0,-0.349034975,,,,,,,,
262,tcs__wt_01-kcl,1.4108195700000001,0.06253479131652427,2.0,482.0,1.455038345,483.0,1.366600795,,,,,,,,
263,tcs__wt_01xlb,1.2143827200000001,0.025914593789146106,2.0,484.0,1.232707105,485.0,1.196058335,,,,,,,,
264,tcs__wt_115-kcl,0.28822171500000004,0.04698444546699261,2.0,486.0,0.32144473500000004,487.0,0.254998695,,,,,,,,
265,tcs__wt_CuSO4,-0.342464545,0.007316490433479708,2.0,488.0,-0.34763808500000004,489.0,-0.33729100500000003,,,,,,,,
266,tcs__wt_etoh,-0.7607951975,0.017799606558545355,2.0,490.0,-0.748208975,491.0,-0.77338142,,,,,,,,
267,tcs__wt_lb,0.7769480900000001,0.002508793646446404,2.0,492.0,0.7751741050000001,493.0,0.778722075,,,,,,,,
268,tcs__wt_LiAcet,0.142720585,0.17731364390199872,2.0,494.0,0.017340905,495.0,0.268100265,,,,,,,,
269,tcs__wt_LiCl,0.34795879500000004,0.07308075862783582,2.0,496.0,0.29628289500000005,497.0,0.39963469500000004,,,,,,,,
270,tcs__wt_m9p,0.10379204,0.038484519911315636,2.0,498.0,0.076579375,499.0,0.131004705,,,,,,,,
271,tcs__wt_pyr,1.216339255,0.008154864517525678,2.0,500.0,1.210572895,501.0,1.222105615,,,,,,,,
272,tcs__wt_zncl2,-0.814805136,0.053783749515430995,2.0,502.0,-0.7767742820000001,503.0,-0.85283599,,,,,,,,
273,ros_tale__1_112_0pq,-0.9085405590000001,0.06016623674377708,2.0,504.0,-0.8659966050000001,505.0,-0.9510845130000001,,,,,,,,
274,ros_tale__1_112_250pq,-0.771430992,0.1714296598833214,2.0,506.0,-0.892650067,507.0,-0.650211917,,,,,,,,
275,ros_tale__1_112_750pq,-0.7263059326666667,0.26362996212486245,3.0,508.0,-0.449078336,509.0,-0.756018851,510.0,-0.9738206110000001,,,,,,
276,ros_tale__3_76_0pq,0.39316714,0.21665182044779802,4.0,511.0,0.609933425,512.0,0.5490627650000001,513.0,0.20033556500000002,514.0,0.21333680500000002,,,,
277,ros_tale__3_76_250pq,-0.2995404075,0.2798774637232471,2.0,515.0,-0.101637155,516.0,-0.49744366,,,,,,,,
278,ros_tale__3_76_750pq,-1.1740363550000001,0.10725964877996405,2.0,517.0,-1.24988038,518.0,-1.09819233,,,,,,,,
279,ros_tale__7_103_0pq,-0.124697205,0.02484512358198687,4.0,519.0,-0.10574536500000001,520.0,-0.101382835,521.0,-0.140543905,522.0,-0.151116715,,,,
280,ros_tale__7_103_250pq,-0.251626045,0.04655035261402219,2.0,523.0,-0.28454211500000004,524.0,-0.218709975,,,,,,,,
281,ros_tale__7_103_750pq,0.074186815,0.02106758186507887,2.0,525.0,0.059289785000000005,526.0,0.08908384500000001,,,,,,,,
282,ros_tale__9_77_0pq,-0.49694240200000006,0.030416671954282742,2.0,527.0,-0.518450237,528.0,-0.47543456700000003,,,,,,,,
283,ros_tale__9_77_250pq,-0.9603647120000001,0.12815657183761708,2.0,529.0,-0.869744331,530.0,-1.050985093,,,,,,,,
284,ros_tale__9_77_750pq,-0.744694041,0.027562359064490952,2.0,531.0,-0.72520451,532.0,-0.7641835720000001,,,,,,,,
285,ros_tale__11_83_0pq,-1.0865449415,0.02337360062120482,2.0,533.0,-1.0700173099999999,534.0,-1.103072573,,,,,,,,
286,ros_tale__11_83_250pq,-1.0274887670000001,0.1716383058812461,2.0,535.0,-1.148855377,536.0,-0.9061221570000001,,,,,,,,
287,ros_tale__11_83_750pq,-0.7836130785000001,0.17736570888140427,2.0,537.0,-0.9090295740000001,538.0,-0.6581965830000001,,,,,,,,
288,ros_tale__13_87_0pq,-1.114216679,0.023002438150439605,2.0,539.0,-1.130481859,540.0,-1.097951499,,,,,,,,
289,ros_tale__13_87_250pq,-0.6346195095,0.1883608205206305,2.0,541.0,-0.7678107230000001,542.0,-0.501428296,,,,,,,,
290,ros_tale__13_87_750pq,-0.47906448,0.08570973523730224,2.0,543.0,-0.539670415,544.0,-0.418458545,,,,,,,,
291,ros_tale__14_27_0pq,-0.878367538,0.0262900802178783,2.0,545.0,-0.859777644,546.0,-0.8969574320000001,,,,,,,,
292,ros_tale__14_27_250pq,-0.771766896,0.07926905594929165,2.0,547.0,-0.7157152090000001,548.0,-0.827818583,,,,,,,,
293,ros_tale__14_27_750pq,1.097709755,0.01813752935374062,2.0,549.0,1.084884585,550.0,1.110534925,,,,,,,,
294,ros_tale__16_28_250pq,-0.307927775,0.02098028246187357,2.0,551.0,-0.322763075,552.0,-0.293092475,,,,,,,,
295,ros_tale__16_32_0pq,0.024245562500000012,0.36527139368399464,4.0,553.0,0.34716982500000004,554.0,0.33392048500000004,555.0,-0.291864605,556.0,-0.29224345500000004,,,,
296,ros_tale__16_32_250pq,-0.47453519450000003,0.013151775301029919,2.0,557.0,-0.465235485,558.0,-0.483834904,,,,,,,,
297,ros_tale__16_32_750pq,-0.074880505,0.21976226806825647,2.0,559.0,-0.230275895,560.0,0.08051488500000001,,,,,,,,
298,ros_tale__17_104_0pq,0.417592705,0.0045008053729305025,2.0,561.0,0.414410155,562.0,0.420775255,,,,,,,,
299,ros_tale__17_104_250pq,-4.5100000000006246e-05,0.21182065988859328,4.0,563.0,-0.091196495,564.0,0.18637689500000001,565.0,-0.25625172500000004,566.0,0.16089092500000002,,,,
300,ros_tale__17_104_750pq,-0.47651118400000003,0.09313907142777798,2.0,567.0,-0.5423704530000001,568.0,-0.41065191500000003,,,,,,,,
301,ros_tale__18_24_250pq,0.30036781,0.3624818370004854,2.0,569.0,0.556681175,570.0,0.044054445000000005,,,,,,,,
302,ros_tale__18_36_0pq,-0.17004698100000004,0.4776619035236037,4.0,571.0,0.150418815,572.0,0.296173185,573.0,-0.39758026500000004,574.0,-0.7291996590000001,,,,
303,ros_tale__18_36_250pq,-0.50491852,0.042579714692421916,2.0,575.0,-0.535026925,576.0,-0.47481011500000003,,,,,,,,
304,ros_tale__18_36_750pq,0.718487925,0.05873255794593152,2.0,577.0,0.676957735,578.0,0.760018115,,,,,,,,
305,ros_tale__19_91_0pq,0.58152984,0.21320639118609563,2.0,579.0,0.732289525,580.0,0.43077015500000004,,,,,,,,
306,ros_tale__19_91_250pq,0.18042047,0.3021572564209836,2.0,581.0,0.394077915,582.0,-0.033236975,,,,,,,,
307,ros_tale__19_91_750pq,-0.041932088000000006,0.33054614954990796,4.0,583.0,-0.08328756500000001,584.0,-0.444519447,585.0,0.360943715,586.0,-0.0008650550000000001,,,,
308,ros_tale__21_97_0pq,-1.072791829,0.23571771680694353,2.0,587.0,-1.239469425,588.0,-0.906114233,,,,,,,,
309,ros_tale__21_97_250pq,-0.707962372,0.06163345078782725,2.0,589.0,-0.664380941,590.0,-0.751543803,,,,,,,,
310,ros_tale__21_97_750pq,-0.625441189,0.06103479863052556,2.0,591.0,-0.582283069,592.0,-0.6685993090000001,,,,,,,,
311,ros_tale__25_111_0pq,-0.815865426,0.0080805362811145,2.0,593.0,-0.8101516240000001,594.0,-0.821579228,,,,,,,,
312,ros_tale__25_111_250pq,-0.856077706,0.24688376726788083,2.0,595.0,-0.6815045200000001,596.0,-1.030650892,,,,,,,,
313,ros_tale__25_111_750pq,-0.6553630825,0.3659182804976365,2.0,597.0,-0.91410638,598.0,-0.396619785,,,,,,,,
314,ros_tale__29_119_0pq,-0.841470529,0.42680976201864435,2.0,599.0,-1.143270606,600.0,-0.5396704520000001,,,,,,,,
315,ros_tale__29_119_250pq,-0.9228349069999999,0.6537494637292194,2.0,601.0,-0.460564228,602.0,-1.3851055859999999,,,,,,,,
316,ros_tale__29_119_750pq,-0.6793814985,0.0206570575882322,2.0,603.0,-0.664774753,604.0,-0.693988244,,,,,,,,
317,ros_tale__ALE4_0pq,-0.29543445500000004,0.002308944056879685,2.0,605.0,-0.29706712500000004,606.0,-0.29380178500000004,,,,,,,,
318,ros_tale__ALE4_250pq,1.47900207,0.021749041883311785,2.0,607.0,1.463623175,608.0,1.494380965,,,,,,,,
319,pcoli__atASMT_325G,0.23384743000000002,0.0061641962939259125,2.0,609.0,0.22948868500000003,610.0,0.23820617500000002,,,,,,,,
320,pcoli__bpTDC,0.44253437500000004,0.10153551332024183,2.0,611.0,0.514330825,612.0,0.370737925,,,,,,,,
321,pcoli__BRCA,0.07619880500000001,0.010063487141304445,2.0,613.0,0.083314765,614.0,0.069082845,,,,,,,,
322,pcoli__BRCActrl,0.16153137,0.039516132136524336,2.0,615.0,0.18947349500000002,616.0,0.133589245,,,,,,,,
323,pcoli__BRCAswap,0.97652308,0.08347664959590828,2.0,617.0,0.917496175,618.0,1.035549985,,,,,,,,
324,pcoli__btAANAT,0.5536004000000001,0.0021433608619292072,2.0,619.0,0.5520848150000001,620.0,0.555115985,,,,,,,,
325,pcoli__btASMT,0.7403797950000001,0.07590856349861458,2.0,621.0,0.686704335,622.0,0.7940552550000001,,,,,,,,
326,pcoli__CC1,1.083359315,0.07767500109083235,2.0,623.0,1.138283835,624.0,1.028434795,,,,,,,,
327,pcoli__ccCOMT,0.38518379,0.036202346917171675,2.0,625.0,0.410782715,626.0,0.35958486500000003,,,,,,,,
328,pcoli__ckDDC,0.9906643900000001,0.15308617860849244,2.0,627.0,1.098912665,628.0,0.8824161150000001,,,,,,,,
329,pcoli__CNTF_belt,0.5760547500000001,0.13689826992970386,2.0,629.0,0.47925305500000004,630.0,0.6728564450000001,,,,,,,,
330,pcoli__cobPNMT,0.283211425,0.0019142087673500762,2.0,631.0,0.284564975,632.0,0.28185787500000004,,,,,,,,
331,pcoli__cvPhhB,0.37013252,0.16383628057646465,2.0,633.0,0.254282775,634.0,0.485982265,,,,,,,,
332,pcoli__ggAANAT,0.27806082,0.024184869181007564,2.0,635.0,0.260959535,636.0,0.295162105,,,,,,,,
333,pcoli__ggTPH,0.16868918500000002,0.07839186594559922,2.0,637.0,0.224120605,638.0,0.11325776500000001,,,,,,,,
334,pcoli__hsAANAT,1.254849925,0.011458382546415537,2.0,639.0,1.246747625,640.0,1.262952225,,,,,,,,
335,pcoli__hsASMT,0.4191549,0.06465619651289772,2.0,641.0,0.464873735,642.0,0.37343606500000004,,,,,,,,
336,pcoli__hsPNMT_mb,0.2837544,0.010904824002763647,2.0,643.0,0.291465275,644.0,0.276043525,,,,,,,,
337,pcoli__hsTPH,0.08160162000000001,0.023890005653252784,2.0,645.0,0.064708835,646.0,0.09849440500000001,,,,,,,,
338,pcoli__hsTPH_E2K,0.8784169700000001,0.033276381483028604,2.0,647.0,0.9019469250000001,648.0,0.8548870150000001,,,,,,,,
339,pcoli__hsTPH_E2K_N91I_P99C,0.20801482500000001,0.05780743600196951,2.0,649.0,0.24889085500000002,650.0,0.167138795,,,,,,,,
340,pcoli__hsTPH_N158trunc,0.33405454,0.04072766061113812,2.0,651.0,0.30525573500000003,652.0,0.36285334500000005,,,,,,,,
341,pcoli__hsTPH_N174trunc,0.8042035550000001,0.1678861710261003,2.0,653.0,0.9229170050000001,654.0,0.6854901050000001,,,,,,,,
342,pcoli__hsTPH_Ntermtrunc,1.240271185,0.2060514534389136,2.0,655.0,1.094570805,656.0,1.385971565,,,,,,,,
343,pcoli__hsTPH1,0.8946836200000001,0.0023735099770698757,2.0,657.0,0.893005295,658.0,0.8963619450000001,,,,,,,,
344,pcoli__MBP,0.46012430000000004,0.49852254903916965,2.0,659.0,0.107615625,660.0,0.8126329750000001,,,,,,,,
345,pcoli__msCOMT,0.077515175,0.09783096675146986,2.0,661.0,0.146692115,662.0,0.008338235000000001,,,,,,,,
346,pcoli__ocAANAT,0.328877705,0.021151260881564448,2.0,663.0,0.343833905,664.0,0.31392150500000005,,,,,,,,
347,pcoli__osTDC_K374H,1.4653052500000001,0.25645998571205614,2.0,665.0,1.283960655,666.0,1.646649845,,,,,,,,
348,pcoli__osTDC_K374L,0.021021245,0.03337068831443547,2.0,667.0,-0.0025753950000000003,668.0,0.044617885,,,,,,,,
349,pcoli__osTDC_K374Q,0.7651173150000001,0.03421558192300404,2.0,669.0,0.7409232450000001,670.0,0.7893113850000001,,,,,,,,
350,pcoli__osTDC_L360V,0.249841015,0.05205194035650161,2.0,671.0,0.213034735,672.0,0.286647295,,,,,,,,
351,pcoli__pmTPH,-0.4802100355,0.08779121082084876,2.0,673.0,-0.542287796,674.0,-0.41813227500000005,,,,,,,,
352,pcoli__RFC,-0.049062245000000004,0.009290647713738803,2.0,675.0,-0.042492765,676.0,-0.05563172500000001,,,,,,,,
353,pcoli__RFCctrl,1.219906075,0.03492213716090132,2.0,677.0,1.244599755,678.0,1.195212395,,,,,,,,
354,pcoli__RFCnopause,1.27340038,0.006474290901747452,2.0,679.0,1.277978395,680.0,1.2688223650000001,,,,,,,,
355,pcoli__RFCpluspause,0.7094268450000001,0.004154676603539665,2.0,681.0,0.7064890450000001,682.0,0.7123646450000001,,,,,,,,
356,pcoli__rnCOMT_sol,1.340251245,0.026026592432218207,2.0,683.0,1.321847665,684.0,1.358654825,,,,,,,,
357,pcoli__rnPNMT,-0.19973864,0.0865105902355385,2.0,685.0,-0.138566415,686.0,-0.260910865,,,,,,,,
358,pcoli__rnTDC,0.20077692500000002,0.06155739296822925,2.0,687.0,0.15724927500000002,688.0,0.24430457500000002,,,,,,,,
359,pcoli__rnTDC_trunc,0.356366245,0.003861778832636559,2.0,689.0,0.35363555500000005,690.0,0.359096935,,,,,,,,
360,pcoli__saCOMT_T2A,0.19092641500000002,0.016863054233465537,2.0,691.0,0.20285039500000002,692.0,0.17900243500000002,,,,,,,,
361,pcoli__sfCOMT,-0.054153335000000004,0.10246014028945696,2.0,693.0,0.018296925000000002,694.0,-0.126603595,,,,,,,,
362,pcoli__sgAANAT_D63G,0.13565247500000002,0.11172828786541841,2.0,695.0,0.21465630500000002,696.0,0.056648645000000004,,,,,,,,
363,pcoli__ssDDC,0.563919885,0.022203803467496324,2.0,697.0,0.579620345,698.0,0.548219425,,,,,,,,
364,pcoli__TP53B,0.49895305,0.02736594459966716,2.0,699.0,0.479602405,700.0,0.5183036950000001,,,,,,,,
365,pcoli__WT,1.55855816,0.05619461735796456,2.0,701.0,1.518822565,702.0,1.598293755,,,,,,,,
366,cck__glu_ale4,0.61559322,0.3208720111823424,2.0,703.0,0.842483995,704.0,0.388702445,,,,,,,,
367,cck__cck_ale1,0.14292169500000002,0.020568293766883045,2.0,705.0,0.128377715,706.0,0.157465675,,,,,,,,
368,cck__cck_ale2,-0.008027675000000001,0.029885076147254504,2.0,707.0,0.013104265,708.0,-0.029159615000000003,,,,,,,,
369,cck_pgi__gmos_delpgi,0.16393086,0.1599953755360087,2.0,709.0,0.27706467500000004,710.0,0.050797045000000006,,,,,,,,
370,cck_pgi__pgi_ale1,0.108307935,0.11626935589846965,2.0,711.0,0.190522785,712.0,0.026093085000000002,,,,,,,,
371,cck_pgi__pgi_ale2,0.44689495500000004,,1.0,713.0,0.44689495500000004,,,,,,,,,,
372,cck_pgi__pgi_ale3,0.11140081999999998,0.2812077613883629,2.0,714.0,0.310244735,715.0,-0.08744309500000001,,,,,,,,
373,cck_pgi__pgi_ale4,0.2095469716666667,0.26840016611908357,3.0,716.0,0.5186149950000001,717.0,0.035103995,718.0,0.074921925,,,,,,
374,cck_pgi__pgi_ale5,0.238750085,0.21096024528245316,2.0,719.0,0.387921505,720.0,0.089578665,,,,,,,,
375,cck_pgi__pgi_ale6,0.382060025,0.3265537343773291,2.0,721.0,0.6129683850000001,722.0,0.15115166500000002,,,,,,,,
376,cck_pgi__pgi_ale7,0.5205779150000001,0.3179043052349059,2.0,723.0,0.7453702050000001,724.0,0.295785625,,,,,,,,
377,cck_pgi__pgi_ale8,0.476718655,0.3208032591900076,2.0,725.0,0.703560815,726.0,0.249876495,,,,,,,,
378,cck_sdh__gmos_delsdhCB,0.998984415,0.06723827470614623,2.0,727.0,1.046529055,728.0,0.9514397750000001,,,,,,,,
379,cck_sdh__sdh_ale1,0.83608638,0.0017235232816675001,2.0,729.0,0.8348676650000001,730.0,0.837305095,,,,,,,,
380,cck_sdh__sdh_ale2,0.667542205,,1.0,731.0,0.667542205,,,,,,,,,,
381,cck_sdh__sdh_ale3,0.6325238683333334,0.08854178768680034,3.0,732.0,0.733626585,733.0,0.568807075,734.0,0.5951379450000001,,,,,,
382,cck_pts__gmos_delptsHIcrr,-0.28712859,0.056583016970734694,2.0,735.0,-0.327138825,736.0,-0.247118355,,,,,,,,
383,cck_pts__pts_ale1,0.46004127000000006,0.01883389518292087,2.0,737.0,0.44672369500000003,738.0,0.47335884500000003,,,,,,,,
384,cck_pts__pts_ale2,0.028805590000000002,0.032484634020134046,2.0,739.0,0.051775695000000004,740.0,0.0058354850000000005,,,,,,,,
385,cck_pts__pts_ale3,-0.48686609150000004,0.2324948238003514,2.0,741.0,-0.651264758,742.0,-0.32246742500000003,,,,,,,,
386,cck_pts__pts_ale4,0.08878276000000002,0.0119951260908108,2.0,743.0,0.08030092500000001,744.0,0.09726459500000001,,,,,,,,
387,cck_gnd__gmos_delgnd,1.128058755,0.11259217436212961,2.0,745.0,1.048444065,746.0,1.207673445,,,,,,,,
388,cck_gnd__gnd_ale1,0.18377488000000003,0.02387751814749702,2.0,747.0,0.16689092500000002,748.0,0.200658835,,,,,,,,
389,cck_gnd__gnd_ale2,0.16456556500000002,0.031110874036712616,2.0,749.0,0.186564275,750.0,0.14256685500000002,,,,,,,,
390,cck_gnd__gnd_ale3,0.24446339,0.020664637065819693,2.0,751.0,0.259075495,752.0,0.22985128500000002,,,,,,,,
391,cck_tpiA__gmos_deltpiA,-0.197325925,0.06723381993342487,2.0,753.0,-0.14978443500000002,754.0,-0.244867415,,,,,,,,
392,cck_tpiA__tpiA_ale1,0.50562292,0.001912419787193713,2.0,755.0,0.506975205,756.0,0.504270635,,,,,,,,
393,cck_tpiA__tpiA_ale2,0.50460775,0.08236496459879804,2.0,757.0,0.5628485750000001,758.0,0.446366925,,,,,,,,
394,cck_tpiA__tpiA_ale3,0.571593265,0.07036261187668345,2.0,759.0,0.521839385,760.0,0.621347145,,,,,,,,
395,cck_tpiA__tpiA_ale4,0.39368316000000003,0.03156690841310327,2.0,761.0,0.371361985,762.0,0.416004335,,,,,,,,
396,acid_tale__acid_ale1_pH7,-0.10604716,0.01729315193312225,2.0,763.0,-0.118275265,764.0,-0.09381905500000001,,,,,,,,
397,acid_tale__acid_ale1_pH5,-0.04708325000000001,0.004960955110787637,2.0,765.0,-0.043575325000000005,766.0,-0.050591175,,,,,,,,
398,acid_tale__acid_ale2_pH7,-0.11203302000000001,0.03889008807673301,2.0,767.0,-0.13953246500000002,768.0,-0.084533575,,,,,,,,
399,acid_tale__acid_ale2_pH5,-0.178963325,0.04366107187968706,2.0,769.0,-0.14809028500000002,770.0,-0.20983636500000002,,,,,,,,
400,acid_tale__low_Mg_ale_pH7,-0.267269345,0.05343067130059475,2.0,771.0,-0.22948815500000003,772.0,-0.305050535,,,,,,,,
401,acid_tale__low_Mg_ale_pH5,0.3457905,0.010105496355174735,2.0,773.0,0.33864483500000003,774.0,0.352936165,,,,,,,,
402,acid_tale__MES_ale_pH7,-0.156886245,0.03246888675211701,2.0,775.0,-0.179845215,776.0,-0.133927275,,,,,,,,
403,acid_tale__MES_ale_pH5,0.37945699000000005,0.28482864308278494,2.0,777.0,0.17805272500000002,778.0,0.5808612550000001,,,,,,,,
404,acid_tale__gmos_pH7,-0.11630781000000001,0.008689769584289912,2.0,779.0,-0.12245240500000001,780.0,-0.11016321500000001,,,,,,,,
405,acid_tale__gmos_pH5,0.2363876,0.030636384173333014,2.0,781.0,0.258050795,782.0,0.214724405,,,,,,,,
406,adnB__wt_adn,0.14722764500000002,0.5344725719725427,2.0,783.0,0.525156825,784.0,-0.230701535,,,,,,,,
407,adnB__delydhB_adn,0.5272317750000001,0.3734092459938401,2.0,785.0,0.7912719850000001,786.0,0.263191565,,,,,,,,
408,ytf2__wt_glc,0.13877428,0.12630295363613336,2.0,787.0,0.049464605,788.0,0.228083955,,,,,,,,
409,ytf2__ybcM_glc,0.6237978850000001,0.036695447831032145,2.0,789.0,0.6497454850000001,790.0,0.597850285,,,,,,,,
410,ytf2__ydhB_glc,0.739624555,0.07428220375974992,2.0,791.0,0.7921500050000001,792.0,0.687099105,,,,,,,,
411,ytf2__yfeC_glc,0.52706085,0.0959304829267426,2.0,793.0,0.459227755,794.0,0.594893945,,,,,,,,
412,ytf2__yciT_glc,-0.063153525,0.02073190413391399,2.0,795.0,-0.048493855,796.0,-0.077813195,,,,,,,,
413,ytf2__ydiZ_glc,-0.285791405,0.03818591578868837,2.0,797.0,-0.258789885,798.0,-0.312792925,,,,,,,,
414,ytf2__ynfL_glc,0.38849755500000005,0.0585615795262406,2.0,799.0,0.42990684500000004,800.0,0.347088265,,,,,,,,
415,misc2__dellon_glc,0.432231535,0.25527718698596197,2.0,801.0,0.251723305,802.0,0.612739765,,,,,,,,
416,ytf3__wt_glc2,-0.21725804,0.0027619095898399728,2.0,803.0,-0.215305075,804.0,-0.21921100500000001,,,,,,,,
417,ytf3__wt_pH7_lactate,-0.37212745,0.020451359518478207,2.0,805.0,-0.35766615500000004,806.0,-0.386588745,,,,,,,,
418,ytf3__wt_pH55_lactate,0.24234265000000002,0.0077695266771181165,2.0,807.0,0.24783653500000002,808.0,0.23684876500000002,,,,,,,,
419,ytf3__wt_pH55_HCl,0.07953745000000001,0.0334376301134104,2.0,809.0,0.055893475000000005,810.0,0.10318142500000001,,,,,,,,
420,ytf3__dyieP_pH7,-0.06438141500000001,0.01170233438592489,2.0,811.0,-0.056106615000000006,812.0,-0.07265621500000001,,,,,,,,
421,ytf3__dyieP_pH55,-0.40580029500000003,0.2251670811766627,2.0,813.0,-0.24658312500000001,814.0,-0.565017465,,,,,,,,
