,condition,X_avg,X_std,n,rep1_idx,rep1_X,rep2_idx,rep2_X,rep3_idx,rep3_X,rep4_idx,rep4_X,rep5_idx,rep5_X,rep6_idx,rep6_X
0,control__wt_glc,0.0,0.1347124190212932,2.0,0.0,-0.09525606500000006,1.0,0.09525606500000006,,,,,,,,
1,fur__wt_dpd,-1.3162913330000001,0.02334476692798811,2.0,2.0,-1.2997840900000002,3.0,-1.3327985759999998,,,,,,,,
2,fur__wt_fe,0.17017479849999992,0.14376294105031578,2.0,4.0,0.2718305490000001,5.0,0.06851904799999975,,,,,,,,
3,fur__delfur_dpd,-1.8256670495,0.1855919841127621,2.0,6.0,-1.694433699,7.0,-1.9569004,,,,,,,,
4,fur__delfur_fe2,-1.6995009460000001,0.009991259012033474,2.0,8.0,-1.692436059,9.0,-1.7065658330000002,,,,,,,,
5,acid__wt_ph5,-0.943710227,0.03433973997428555,2.0,10.0,-0.96799209,11.0,-0.9194283639999998,,,,,,,,
6,acid__delgadx_ph5,-0.6798394259999999,,1.0,12.0,-0.6798394259999999,,,,,,,,,,
7,acid__delgadw_ph5,-0.7546545855,0.04817583907601221,2.0,13.0,-0.7887200480000001,14.0,-0.7205891229999999,,,,,,,,
8,acid__delgade_ph5,-1.1472091460000002,0.1942669900145674,2.0,15.0,-1.2845766520000002,16.0,-1.0098416400000003,,,,,,,,
9,oxidative__wt_pq,-1.7875788355000002,0.3232082884518488,2.0,17.0,-2.016121608,18.0,-1.5590360630000002,,,,,,,,
10,oxidative__deloxyr_pq,-1.313240202,0.2840892243501251,2.0,19.0,-1.112358785,20.0,-1.514121619,,,,,,,,
11,oxidative__delsoxr_pq,-1.781122914,0.2975996887583001,2.0,21.0,-1.570688156,22.0,-1.991557672,,,,,,,,
12,oxidative__delsoxs_pq,-2.1622635595000004,0.1772018453701454,2.0,23.0,-2.287564186,24.0,-2.0369629330000003,,,,,,,,
13,nac_ntrc__wt_csn,-2.5470447724999996,0.31714626201673674,2.0,25.0,-2.3227884999999997,26.0,-2.771301045,,,,,,,,
14,nac_ntrc__wt_cytd,-0.7953445855000001,0.10909066855582815,2.0,27.0,-0.8724833370000002,28.0,-0.7182058339999999,,,,,,,,
15,nac_ntrc__wt_gln,-2.0592314060000003,0.7730190708718365,2.0,29.0,-2.605838433,30.0,-1.5126243790000002,,,,,,,,
16,nac_ntrc__bw_delnac_csn,-1.5551974455000002,0.5234287286552772,2.0,31.0,-1.1850774420000003,32.0,-1.925317449,,,,,,,,
17,nac_ntrc__bw_delnac_cytd,-0.9352460310000001,0.058475250273539205,2.0,33.0,-0.9765942770000002,34.0,-0.8938977850000001,,,,,,,,
18,nac_ntrc__bw_delnac_gln,-0.8293989525000002,0.24906599142561092,2.0,35.0,-0.6532827010000002,36.0,-1.0055152040000002,,,,,,,,
19,nac_ntrc__bw_delnac_nh4,0.5693081104999997,0.23139738983330918,2.0,37.0,0.7329307739999997,38.0,0.40568544699999975,,,,,,,,
20,misc__wt_no_te,-0.34966431899999995,0.15241571834334777,2.0,39.0,-0.45743850700000005,40.0,-0.2418901309999999,,,,,,,,
21,misc__bw_delcbl,-0.04499583700000009,0.20852432181823496,2.0,41.0,-0.19244479899999997,42.0,0.1024531249999998,,,,,,,,
22,misc__bw_delfabr,-0.4081248055000002,0.13427388624484385,2.0,43.0,-0.5030707810000004,44.0,-0.31317883,,,,,,,,
23,misc__bw_delfadr,0.28161454649999973,0.05390929561732402,2.0,45.0,0.3197341749999998,46.0,0.2434949179999997,,,,,,,,
24,misc__nitr_031,-2.188965119,,1.0,47.0,-2.188965119,,,,,,,,,,
25,omics__wt_glu,0.306310184,0.038490608100701665,2.0,48.0,0.333527154,49.0,0.279093214,,,,,,,,
26,omics__wt_gly,0.29965513700000007,0.07539958238066233,2.0,50.0,0.3529706930000001,51.0,0.246339581,,,,,,,,
27,omics__wt_thr,0.33210501699999995,0.3273753797291458,2.0,52.0,0.563594368,53.0,0.10061566599999994,,,,,,,,
28,omics__bw_ac,-1.9155182535,0.09474879082276091,2.0,54.0,-1.848520741,55.0,-1.982515766,,,,,,,,
29,omics__bw_fum,-0.4081056135000001,0.14335783957537382,2.0,56.0,-0.30673631300000004,57.0,-0.5094749140000001,,,,,,,,
30,omics__bw_glc,0.3134167309999998,0.12714267687991776,2.0,58.0,0.22351328199999987,59.0,0.4033201799999997,,,,,,,,
31,omics__bw_pyr,-0.4954235065000004,0.6859549256281802,2.0,60.0,-0.01038012700000035,61.0,-0.9804668860000004,,,,,,,,
32,ompr__wt_nacl,-1.1710672375000002,0.2185821924103764,2.0,62.0,-1.325628188,63.0,-1.0165062870000003,,,,,,,,
33,ompr__bw_delompr_nacl,-1.0080515275,0.09253222319577542,2.0,64.0,-0.942621365,65.0,-1.07348169,,,,,,,,
34,minspan__wt_ade,-2.320702642,,1.0,66.0,-2.320702642,,,,,,,,,,
35,minspan__wt_glc,-0.9760923030000002,0.11405709027584786,3.0,67.0,-0.910776707,68.0,-0.9097075620000004,69.0,-1.10779264,,,,,,
36,minspan__wt_glc_anaero,-0.5917654805000001,0.9916610873443292,2.0,70.0,-1.2929757600000005,71.0,0.10944479900000026,,,,,,,,
37,minspan__wt_trp,-2.222349683,,1.0,72.0,-2.222349683,,,,,,,,,,
38,minspan__bw_delcra_glc,-1.8744100350000004,,1.0,73.0,-1.8744100350000004,,,,,,,,,,
39,minspan__bw_delcra_trp,-1.430472754,,1.0,74.0,-1.430472754,,,,,,,,,,
40,minspan__bw_delmntr,-1.842426884,,1.0,75.0,-1.842426884,,,,,,,,,,
41,minspan__bw_delnac_ade,-3.2184174569999997,,1.0,76.0,-3.2184174569999997,,,,,,,,,,
42,minspan__bw_delnac_glc,-0.9070124620000001,,1.0,77.0,-0.9070124620000001,,,,,,,,,,
43,cra_crp__wt_ac,-1.7520618275,0.0524198331655104,2.0,78.0,-1.7891282469999998,79.0,-1.714995408,,,,,,,,
44,cra_crp__wt_fru,-0.37203225799999995,0.12365479207154247,2.0,80.0,-0.4594694000000002,81.0,-0.28459511599999976,,,,,,,,
45,cra_crp__delcra_ac,-1.436639611,0.47389928779596197,2.0,82.0,-1.771737011,83.0,-1.101542211,,,,,,,,
46,cra_crp__delcra_fru,-0.5938048704999999,0.3724768684271965,2.0,84.0,-0.85718579,85.0,-0.33042395099999977,,,,,,,,
47,cra_crp__delcra_glc,0.09782555999999998,0.12292951971714684,2.0,86.0,0.01090126300000005,87.0,0.1847498569999999,,,,,,,,
48,rpoB__wt_031,-1.908525369,,1.0,88.0,-1.908525369,,,,,,,,,,
49,rpoB__wt_044,-1.0250493780000005,,1.0,89.0,-1.0250493780000005,,,,,,,,,,
50,rpoB__wt_lb,-1.492717637,0.7066292733914258,2.0,90.0,-1.992379988,91.0,-0.993055286,,,,,,,,
51,rpoB__rpoBE546V_031,-1.2751327980000002,,1.0,92.0,-1.2751327980000002,,,,,,,,,,
52,rpoB__rpoBE546V_044,-1.1699849920000005,,1.0,93.0,-1.1699849920000005,,,,,,,,,,
53,rpoB__rpoBE546V_lb,-1.2729927075,0.7168787359801434,2.0,94.0,-1.779902523,95.0,-0.766082892,,,,,,,,
54,rpoB__rpoBE546V_glc,0.4757370249999999,,1.0,96.0,0.4757370249999999,,,,,,,,,,
55,rpoB__rpoBE672K_glc,0.5218367794999998,0.0983647821666843,2.0,97.0,0.5913911839999999,98.0,0.4522823749999998,,,,,,,,
56,rpoB__rpoBE672K_lb,-1.1391140610000001,0.05191919237204209,2.0,99.0,-1.175826474,100.0,-1.1024016480000003,,,,,,,,
57,crp__wt_fru,-0.8748558050000002,,1.0,101.0,-0.8748558050000002,,,,,,,,,,
58,crp__wt_glyc,-0.5167497105000001,0.0039694747309453075,2.0,102.0,-0.5195565530000001,103.0,-0.513942868,,,,,,,,
59,crp__delar1_glyc,-2.515032535,0.17303424214753887,2.0,104.0,-2.637386221,105.0,-2.392678849,,,,,,,,
60,crp__delar1ar2_glyc,-1.3328289600000003,0.2298304704039014,3.0,106.0,-1.070528874,107.0,-1.4989224400000003,108.0,-1.4290355660000005,,,,,,
61,crp__delar2_glyc,-2.198607974333333,0.20505392798078262,3.0,109.0,-2.363915333,110.0,-2.262761043,111.0,-1.969147547,,,,,,
62,crp__delcrp_fru,-1.514691614666667,0.25669781372003503,3.0,112.0,-1.5745122850000002,113.0,-1.2333655220000002,114.0,-1.7361970370000002,,,,,,
63,crp__delcrp_glc,-1.7663177153333336,0.45400768436805033,3.0,115.0,-1.89304612,116.0,-1.2624107670000002,117.0,-2.143496259,,,,,,
64,crp__delcrp_glyc,-1.4472913513333336,0.27984681167176323,3.0,118.0,-1.26719091,119.0,-1.3049903050000002,120.0,-1.769692839,,,,,,
65,glu__glu_ale3,-2.7090104160000004,,1.0,121.0,-2.7090104160000004,,,,,,,,,,
66,glu__glu_ale4,-1.769181391,,1.0,122.0,-1.769181391,,,,,,,,,,
67,glu__glu_ale5,-0.321622369,,1.0,123.0,-0.321622369,,,,,,,,,,
68,glu__glu_ale6,-0.3025943980000001,,1.0,124.0,-0.3025943980000001,,,,,,,,,,
69,glu__glu_ale8,-2.011886714,,1.0,125.0,-2.011886714,,,,,,,,,,
70,glu__glu_ale9,-2.3244942600000003,,1.0,126.0,-2.3244942600000003,,,,,,,,,,
71,glu__glu_ale10,-2.6882734889999997,,1.0,127.0,-2.6882734889999997,,,,,,,,,,
72,42c__wt_42c,1.359479875,,1.0,128.0,1.359479875,,,,,,,,,,
73,42c__42c_ale1,-1.4154019880000002,,1.0,129.0,-1.4154019880000002,,,,,,,,,,
74,42c__42c_ale2,-1.1224846080000002,,1.0,130.0,-1.1224846080000002,,,,,,,,,,
75,42c__42c_ale3,1.1576130009999996,,1.0,131.0,1.1576130009999996,,,,,,,,,,
76,42c__42c_ale4,-3.2184174569999997,,1.0,132.0,-3.2184174569999997,,,,,,,,,,
77,42c__42c_ale5,-0.8644397610000003,,1.0,133.0,-0.8644397610000003,,,,,,,,,,
78,42c__42c_ale6,-2.5489369159999997,,1.0,134.0,-2.5489369159999997,,,,,,,,,,
79,42c__42c_ale8,-1.7916146270000002,,1.0,135.0,-1.7916146270000002,,,,,,,,,,
80,42c__42c_ale9,1.1678599790000002,,1.0,136.0,1.1678599790000002,,,,,,,,,,
81,42c__42c_ale10,-2.146188682,,1.0,137.0,-2.146188682,,,,,,,,,,
82,ssw__wt_ac,-2.0498669769999998,,1.0,138.0,-2.0498669769999998,,,,,,,,,,
83,ssw__wt_glc,0.008960736000000136,,1.0,139.0,0.008960736000000136,,,,,,,,,,
84,ssw__wt_glyc,-1.5280744100000003,,1.0,140.0,-1.5280744100000003,,,,,,,,,,
85,ssw__wt_xyl,-3.2184174569999997,,1.0,141.0,-3.2184174569999997,,,,,,,,,,
86,ssw__glc_ale1,-0.79860088,,1.0,142.0,-0.79860088,,,,,,,,,,
87,ssw__glc_ale2,-0.975723275,,1.0,143.0,-0.975723275,,,,,,,,,,
88,ssw__glc_ale3,-2.172546565,,1.0,144.0,-2.172546565,,,,,,,,,,
89,ssw__glyc_ale1,0.4512550809999998,,1.0,145.0,0.4512550809999998,,,,,,,,,,
90,ssw__glyc_ale2,-1.3852499690000002,,1.0,146.0,-1.3852499690000002,,,,,,,,,,
91,ssw__xyl_ale1,-0.05868885599999985,,1.0,147.0,-0.05868885599999985,,,,,,,,,,
92,ssw__xyl_ale2,0.30489588600000017,,1.0,148.0,0.30489588600000017,,,,,,,,,,
93,ssw__xyl_ale3,0.9307702540000014,,1.0,149.0,0.9307702540000014,,,,,,,,,,
94,ssw__glc_ac_ac2,-1.1241352150000004,,1.0,150.0,-1.1241352150000004,,,,,,,,,,
95,ssw__glc_ac_glc1,-0.31425172700000026,,1.0,151.0,-0.31425172700000026,,,,,,,,,,
96,ssw__glc_glyc_glc,-1.097131563,,1.0,152.0,-1.097131563,,,,,,,,,,
97,ssw__glc_glyc_glyc,-1.0054762960000003,,1.0,153.0,-1.0054762960000003,,,,,,,,,,
98,ssw__glc_xyl_glc,0.0954872459999998,,1.0,154.0,0.0954872459999998,,,,,,,,,,
99,ssw__glc_xyl_xyl,-0.12560043600000004,,1.0,155.0,-0.12560043600000004,,,,,,,,,,
100,ica__wt_glc,-0.48903735450000013,0.4616684875495312,6.0,156.0,-0.94486618,157.0,-0.6639234250000001,158.0,-0.8951843130000001,159.0,-0.5646160060000001,180.0,0.20483187599999966,181.0,-0.07046607900000001
101,ica__arg_sbt,-1.506623243,0.39163335067344185,2.0,160.0,-1.2296966450000002,161.0,-1.783549841,,,,,,,,
102,ica__cytd_rib,-1.8708642220000002,0.42338316215499416,2.0,162.0,-2.1702413270000003,163.0,-1.5714871170000002,,,,,,,,
103,ica__gth,-2.057733376,0.002235437478548167,2.0,164.0,-2.056152683,165.0,-2.059314069,,,,,,,,
104,ica__leu_glcr,-1.752748918,0.11292462061530459,2.0,166.0,-1.672899153,167.0,-1.832598683,,,,,,,,
105,ica__met_glc,-0.4874933210000003,0.1243521506786433,2.0,168.0,-0.5754235700000003,169.0,-0.3995630720000003,,,,,,,,
106,ica__no3_anaero,-2.540152984,0.7156740247220067,2.0,170.0,-2.0340950280000003,171.0,-3.04621094,,,,,,,,
107,ica__phe_acgam,-0.36984271300000016,0.29674619673127234,2.0,172.0,-0.1600114650000002,173.0,-0.5796739610000001,,,,,,,,
108,ica__thm_gal,-1.9033902610000002,0.15437060696381946,2.0,174.0,-2.012546764,175.0,-1.794233758,,,,,,,,
109,ica__tyr_glcn,-0.8778891600000001,0.02708374818279039,2.0,176.0,-0.8587380580000001,177.0,-0.897040262,,,,,,,,
110,ica__ura_pyr,-1.3961941560000002,0.14946017746097476,2.0,178.0,-1.2905098510000002,179.0,-1.5018784610000002,,,,,,,,
111,ica__bw_delpurR_cytd,0.10195446849999981,0.29897151904731556,2.0,182.0,0.3133592569999997,183.0,-0.1094503200000001,,,,,,,,
112,ica__ade_glc,0.15684321899999998,0.5165271465606879,2.0,184.0,-0.2083966290000001,185.0,0.5220830670000001,,,,,,,,
113,ytf__wt_glc,-0.6659264725,0.06450005390058282,2.0,186.0,-0.7115348979999999,187.0,-0.620318047,,,,,,,,
114,ytf__delyafC,-0.7904593225000001,0.46541378651151444,2.0,188.0,-1.119556567,189.0,-0.4613620780000001,,,,,,,,
115,ytf__delyeiE,0.2871131215,0.4524601036397001,2.0,190.0,-0.03282448599999998,191.0,0.607050729,,,,,,,,
116,ytf__delyiaJ,-0.9821431385000001,0.10688760666836326,2.0,192.0,-1.0577240900000002,193.0,-0.906562187,,,,,,,,
117,ytf__delyieP,-0.7284885885000001,0.04943647328815228,2.0,194.0,-0.7634454540000002,195.0,-0.693531723,,,,,,,,
118,ytf__wt_ph5,-0.6287832115000003,0.10799523004412219,2.0,196.0,-0.7051473710000002,197.0,-0.5524190520000003,,,,,,,,
119,ytf__wt_ph8,0.1737772639999999,0.21724076488452465,2.0,198.0,0.3273896819999997,199.0,0.020164846000000125,,,,,,,,
120,ytf__delybaO,-0.6485665220000003,0.22843552670920564,2.0,200.0,-0.8100948320000003,201.0,-0.4870382120000003,,,,,,,,
121,ytf__delybaQ,-0.03262265100000028,0.16131832848298822,2.0,202.0,0.08144663299999966,203.0,-0.14669193500000022,,,,,,,,
122,ytf__delybiH,-0.9991684970000002,0.47296614019003336,2.0,204.0,-1.333606062,205.0,-0.6647309320000003,,,,,,,,
123,ytf__delydcI_ph5,-0.707212331,0.2986342934594068,2.0,206.0,-0.496045997,207.0,-0.918378665,,,,,,,,
124,ytf__delydcI_ph8,0.004962665000000085,0.05870942706890543,2.0,208.0,0.04647649900000017,209.0,-0.036551169,,,,,,,,
125,ytf__delyddM,-0.014092949000000132,0.027972951930695624,2.0,210.0,0.00568691500000007,211.0,-0.033872813000000335,,,,,,,,
126,ytf__delyheO,-0.9850851470000002,0.05775615944662505,2.0,212.0,-1.0259249190000002,213.0,-0.944245375,,,,,,,,
127,fps__bw_glc,0.1119571279999998,0.012592791127045984,2.0,214.0,0.1030526799999998,215.0,0.1208615759999998,,,,,,,,
128,fps__fps_thrA_ale1,0.20260791599999986,0.07031203111441174,2.0,216.0,0.1528898019999998,217.0,0.2523260299999999,,,,,,,,
129,fps__fps_thrA_ale2,0.2736009869999998,0.08219255075234118,2.0,218.0,0.3317198969999997,219.0,0.21548207699999988,,,,,,,,
130,fps__fps_serB_ale1,-0.35967962900000017,0.06064744412157805,2.0,220.0,-0.4025638480000002,221.0,-0.3167954100000001,,,,,,,,
131,fps__fps_serB_ale4,-0.9377971475000003,0.1492357778310722,2.0,222.0,-0.8322715170000001,223.0,-1.0433227780000005,,,,,,,,
132,fps__fps_ptsI_ale1,-1.8543710555000001,0.2608353383211892,2.0,224.0,-1.669932619,225.0,-2.0388094920000004,,,,,,,,
133,fps__fps_ptsI_ale3,-1.3116767045,0.11534070761299015,2.0,226.0,-1.3932349010000002,227.0,-1.2301185079999999,,,,,,,,
134,pal__lyx_ale2_f6,-2.035343891,,1.0,228.0,-2.035343891,,,,,,,,,,
135,pal__lyx_ale2,-1.3729490535000002,0.34995573806372066,2.0,229.0,-1.125492978,230.0,-1.620405129,,,,,,,,
136,pal__lyx_ale4,-1.2339451774999999,0.34605923321705984,2.0,231.0,-0.989244347,232.0,-1.478646008,,,,,,,,
137,pal__5drib_ale10_f18,-2.0822534415000002,0.053773910124570765,2.0,233.0,-2.120277338,234.0,-2.0442295450000003,,,,,,,,
138,pal__5drib_ale10,-1.287588522,,1.0,235.0,-1.287588522,,,,,,,,,,
139,pal__arab_ale14_f9,-0.720057103,0.3467802296967495,2.0,236.0,-0.9652677550000002,237.0,-0.4748464509999999,,,,,,,,
140,pal__arab_ale14,-0.12527615749999987,0.009680084652156739,2.0,238.0,-0.13212101099999973,239.0,-0.11843130400000003,,,,,,,,
141,pal__arab_ale16,2.0410134535,0.21790481946933915,2.0,240.0,1.886931478,241.0,2.195095429,,,,,,,,
142,pal__tartr_ale26_f10,-2.0257777035,0.2578819343155088,2.0,242.0,-2.208127768,243.0,-1.843427639,,,,,,,,
143,pal__tartr_ale26,-1.6923882520000002,0.10858762077087677,2.0,244.0,-1.6156052090000002,245.0,-1.7691712950000005,,,,,,,,
144,pal__tartr_ale28_f10,-2.0860520985,1.034332578840094,2.0,246.0,-1.3546685180000002,247.0,-2.817435679,,,,,,,,
145,pal__tartr_ale28,-1.5569438000000004,0.18509475581662,2.0,248.0,-1.4260620430000002,249.0,-1.6878255570000005,,,,,,,,
146,efeU__delmenFentC_citr,-1.201613644,0.2720143846976576,2.0,250.0,-1.0092704280000002,251.0,-1.39395686,,,,,,,,
147,efeU__delmenFentC,-0.7261145935000003,0.40491900391556784,2.0,252.0,-0.4397936200000001,253.0,-1.0124355670000005,,,,,,,,
148,efeU__menFentC_ale39,-0.8271829205000003,0.015803311179181,2.0,254.0,-0.8160082920000002,255.0,-0.8383575490000004,,,,,,,,
149,efeU__menFentC_ale29,-0.7374345065000003,0.21252462640484013,2.0,256.0,-0.8877121110000004,257.0,-0.5871569020000003,,,,,,,,
150,efeU__menFentC_ale30,0.14657109899999998,0.09316141600206353,2.0,258.0,0.21244616800000005,259.0,0.08069602999999992,,,,,,,,
151,efeU__menFentCubiC_ale36,-0.5041027309999999,0.1404234334075836,2.0,260.0,-0.404808369,261.0,-0.6033970929999999,,,,,,,,
152,efeU__menFentCubiC_ale37,-0.7478025505000001,0.266911733166095,2.0,262.0,-0.9365376470000002,263.0,-0.559067454,,,,,,,,
153,efeU__menFentCubiC_ale38,-0.2690847055000001,0.02768286066660647,2.0,264.0,-0.2886594439999999,265.0,-0.2495099670000003,,,,,,,,
154,misc2__salc_glc,-3.1730670494999997,0.06413516134564648,2.0,266.0,-3.1277166419999998,267.0,-3.2184174569999997,,,,,,,,
155,misc2__dbcn_glc,-1.185814262,0.4564080582828666,2.0,268.0,-1.508543495,269.0,-0.8630850290000001,,,,,,,,
156,misc2__tyr_glc,-0.6078649210000002,0.017219796675641778,2.0,270.0,-0.5956886860000004,271.0,-0.6200411560000001,,,,,,,,
157,misc2__arg_cytd,0.7982881179999999,0.0906723393211038,2.0,272.0,0.8624031440000001,273.0,0.7341730919999998,,,,,,,,
158,misc2__delyheO_pyr,-0.8823321625000002,0.1524227052654527,2.0,274.0,-0.9901112910000004,275.0,-0.7745530340000002,,,,,,,,
159,misc2__dellon_glc,-1.692375106,0.1906644520842631,2.0,276.0,-1.827195233,277.0,-1.557554979,,,,,,,,
160,nquinone__delubiC,-0.5976831290000002,0.1420346992450973,2.0,278.0,-0.4972494300000001,279.0,-0.6981168280000003,,,,,,,,
161,nquinone__ubiC_ale1,-0.5939763574999999,0.12575475001213557,2.0,280.0,-0.6828983940000001,281.0,-0.5050543209999998,,,,,,,,
162,nquinone__ubiC_ale2,-0.08598380900000002,0.09138351479470946,2.0,282.0,-0.021365905999999768,283.0,-0.15060171200000028,,,,,,,,
163,nquinone__ubiC_ale3,-0.8630128685000003,0.05037270670807385,2.0,284.0,-0.8986317510000004,285.0,-0.8273939860000001,,,,,,,,
164,nquinone__ubiC_ale4,-0.2684500820000002,0.0736069309258522,2.0,286.0,-0.3204980420000001,287.0,-0.2164021220000003,,,,,,,,
165,nquinone__delpdhR,-0.941414943,0.32658413996892,2.0,288.0,-0.710485083,289.0,-1.1723448029999999,,,,,,,,
166,quinone__glu_ale4,-1.8222998375,0.4315538792994473,2.0,290.0,-1.517145163,291.0,-2.127454512,,,,,,,,
167,quinone__delmenF,0.00862522099999996,0.1870109317550355,2.0,292.0,-0.1236114770000003,293.0,0.14086191900000022,,,,,,,,
168,quinone__menF_ale5,-1.6379486915000003,0.5393736881719722,2.0,294.0,-1.2565538990000005,295.0,-2.019343484,,,,,,,,
169,quinone__menF_ale6,-1.5624752135000004,0.09723297573900867,2.0,296.0,-1.6312293100000004,297.0,-1.4937211170000002,,,,,,,,
170,quinone__menF_ale7,-1.5006258705,0.4457100821054832,2.0,298.0,-1.1854612489999998,299.0,-1.8157904919999999,,,,,,,,
171,quinone__menF_ale8,-1.1994498875000001,0.16002811528708422,2.0,300.0,-1.312606853,301.0,-1.0862929220000002,,,,,,,,
172,quinone__delmenFubiC,-0.21956273500000026,0.22776621761390084,2.0,302.0,-0.058507698000000115,303.0,-0.3806177720000004,,,,,,,,
173,quinone__menFubiC_ale1,-1.870884265,0.3383639817433445,2.0,304.0,-1.631624799,305.0,-2.110143731,,,,,,,,
174,quinone__menFubiC_ale2,-2.1483668515,0.2140228329391096,2.0,306.0,-2.299703848,307.0,-1.997029855,,,,,,,,
175,quinone__menFubiC_ale3,-0.3027526265,0.009064949835785796,2.0,308.0,-0.296342739,309.0,-0.30916251400000005,,,,,,,,
176,quinone__menFubiC_ale4,-1.401809354,0.455735260322703,2.0,310.0,-1.0795558610000002,311.0,-1.724062847,,,,,,,,
177,oxyR__wt_glc,-0.2247102084999999,0.0238890616656997,2.0,312.0,-0.24160232599999976,313.0,-0.20781809100000004,,,,,,,,
178,oxyR__wt_h2o2,-0.05067099350000004,0.035406648848690665,2.0,314.0,-0.07570727500000007,315.0,-0.025634712000000004,,,,,,,,
179,oxyR__glu_ale4,-0.30115973049999994,0.24170874194304984,2.0,316.0,-0.13024584000000014,317.0,-0.4720736209999998,,,,,,,,
180,oxyR__glu_ale4_h2o2,-0.9988564200000001,0.3124676412086476,2.0,318.0,-0.7779084320000003,319.0,-1.219804408,,,,,,,,
181,oxyR__oxyR_ale17,-0.3794277935000001,0.30857075664564554,2.0,320.0,-0.1612353190000002,321.0,-0.597620268,,,,,,,,
182,oxyR__oxyR_ale17_h2o2,0.12276420749999993,0.10490566272822968,2.0,322.0,0.04858470199999987,323.0,0.196943713,,,,,,,,
183,oxyR__oxyR_ale18,-0.07798176950000024,0.05140957273666663,2.0,324.0,-0.041629712000000214,325.0,-0.11433382700000028,,,,,,,,
184,oxyR__oxyR_ale18_h2o2,-0.5884739239999999,0.30182572657819734,2.0,326.0,-0.8018969420000001,327.0,-0.3750509059999998,,,,,,,,
185,oxyR__oxyR_ale19,0.3537282369999999,0.2885595378644376,2.0,328.0,0.557770643,329.0,0.14968583099999974,,,,,,,,
186,oxyR__oxyR_ale19_h2o2,0.36220208949999977,0.052878930728477484,2.0,330.0,0.3995931399999999,331.0,0.32481103899999964,,,,,,,,
187,oxyR__oxyR_ale20,-1.0627949920000002,0.026382186532982015,2.0,332.0,-1.0814500150000002,333.0,-1.0441399690000002,,,,,,,,
188,oxyR__oxyR_ale20_h2o2,-0.4532385565000001,0.05088504234059577,2.0,334.0,-0.4172573980000003,335.0,-0.489219715,,,,,,,,
189,svns_pgi__BmePgi24_15,0.6182283759999998,0.20489839986667674,2.0,336.0,0.7631134239999997,337.0,0.4733433279999999,,,,,,,,
190,svns_pgi__BmePgi24_26,0.8833902034999999,0.09867699243799538,2.0,338.0,0.8136150329999996,339.0,0.953165374,,,,,,,,
191,svns_pgi__BmePgi24_41,1.3177702489999996,0.11418667752628837,2.0,340.0,1.2370280749999996,341.0,1.3985124229999997,,,,,,,,
192,svns_pgi__BmePgi24_52,0.9934142535000001,0.10422236706079259,2.0,342.0,1.067110596,343.0,0.9197179110000002,,,,,,,,
193,svns_pgi__PaePgi2_34,-0.13574806800000006,0.06464525191413854,2.0,344.0,-0.18145916400000006,345.0,-0.09003697200000005,,,,,,,,
194,svns_pgi__PaePgi2_63,0.31318172850000003,0.044256272648789875,2.0,346.0,0.3444756390000001,347.0,0.281887818,,,,,,,,
195,svns_pgi__PaePgi24_54,-0.4923287410000001,0.12949254969150648,2.0,348.0,-0.4007636809999999,349.0,-0.5838938010000003,,,,,,,,
196,svns_pgi__PaePgi24_90,0.04102010799999989,0.24888958737558797,2.0,350.0,-0.1349714070000001,351.0,0.21701162299999988,,,,,,,,
197,abx_media__m9_ctrl,-2.51018147,0.025995387809964424,2.0,352.0,-2.4917999550000003,353.0,-2.528562985,,,,,,,,
198,abx_media__rpmi_ctrl,-0.4026773159999999,0.3700319300586251,2.0,354.0,-0.664329403,355.0,-0.1410252289999998,,,,,,,,
199,abx_media__camhb_ctrl,-1.144893239,0.0785523141311045,2.0,356.0,-1.0893483650000002,357.0,-1.200438113,,,,,,,,
200,abx_media__m9_mero,-2.9039829795000003,0.19558378618280353,2.0,358.0,-3.0422816010000004,359.0,-2.765684358,,,,,,,,
201,abx_media__rpmi_mero,-0.5505559145000003,0.10127096558151692,2.0,360.0,-0.4789465280000002,361.0,-0.6221653010000003,,,,,,,,
202,abx_media__camhb_mero,-1.6578020945000003,0.17302510562081969,2.0,362.0,-1.7801493200000005,363.0,-1.535454869,,,,,,,,
203,abx_media__m9_trisulf,-2.4790405375000004,0.13995400572165057,2.0,364.0,-2.3800781110000004,365.0,-2.5780029640000004,,,,,,,,
204,abx_media__rpmi_trisulf,-0.5125928850000001,0.1217120034623099,2.0,366.0,-0.42652950200000017,367.0,-0.5986562679999999,,,,,,,,
205,abx_media__camhb_trisulf,-2.159839602,0.48578312800733586,2.0,368.0,-1.816339058,369.0,-2.5033401459999998,,,,,,,,
206,abx_media__m9_cef,-2.7736260269999997,0.20157288657425143,2.0,370.0,-2.6310924719999997,371.0,-2.9161595819999997,,,,,,,,
207,abx_media__rpmi_cef,0.9975587234999996,0.1840945667096601,2.0,372.0,0.8673842069999997,373.0,1.1277332399999995,,,,,,,,
208,abx_media__camhb_cef,-1.1352866765000003,0.6490843019916038,2.0,374.0,-0.6763147650000003,375.0,-1.5942585880000002,,,,,,,,
209,abx_media__m9_cipro,-1.5567018085000002,0.32398880705905814,2.0,376.0,-1.3276071260000002,377.0,-1.7857964910000002,,,,,,,,
210,abx_media__rpmi_cipro,0.6463095444999998,0.008355860327184784,2.0,378.0,0.6404010589999998,379.0,0.6522180299999998,,,,,,,,
211,abx_media__camhb_cipro,-1.1180681265000003,0.19258832487999147,2.0,380.0,-1.254248637,381.0,-0.9818876160000004,,,,,,,,
212,hot_tale__42c_ale3_30c,-2.3230918430000003,0.4390730555277934,2.0,382.0,-2.6335633780000003,383.0,-2.012620308,,,,,,,,
213,hot_tale__42c_ale3_37c,-0.01876479500000028,0.13028333124653768,2.0,384.0,-0.11088902200000028,385.0,0.07335943199999972,,,,,,,,
214,hot_tale__42c_ale3_44c,1.9853931555000002,0.08056070457196134,2.0,386.0,1.928428135,387.0,2.042358176,,,,,,,,
215,hot_tale__hot_ale3_mid_30c,-2.613519789,0.43411254730849097,2.0,388.0,-2.920483715,389.0,-2.3065558630000003,,,,,,,,
216,hot_tale__hot_ale3_mid_37c,-2.0036868795,0.13415715564319194,2.0,390.0,-2.098550314,391.0,-1.908823445,,,,,,,,
217,hot_tale__hot_ale3_mid_44c,0.23877224249999981,0.2808910461397489,2.0,392.0,0.040152278999999964,393.0,0.4373922059999997,,,,,,,,
218,hot_tale__hot_ale3_30c,-2.667591902,0.5389456630022912,2.0,394.0,-2.286499769,395.0,-3.048684035,,,,,,,,
219,hot_tale__hot_ale3_37c,-2.478621123,0.15524049821131625,2.0,396.0,-2.588392732,397.0,-2.3688495140000003,,,,,,,,
220,hot_tale__hot_ale3_44c,-0.017839807500000138,0.06587984974748846,2.0,398.0,-0.06442389600000009,399.0,0.02874428099999982,,,,,,,,
221,hot_tale__hot_ale4_30c,-2.7700083555,0.024339188872040465,2.0,400.0,-2.75279795,401.0,-2.787218761,,,,,,,,
222,hot_tale__hot_ale4_37c,-2.236330601,0.11738832126699889,2.0,402.0,-2.319336679,403.0,-2.153324523,,,,,,,,
223,hot_tale__hot_ale4_44c,0.7122566665,0.30204613105478645,2.0,404.0,0.9258355340000001,405.0,0.4986777989999998,,,,,,,,
224,hot_tale__hot_ale8_30c,-2.0005602190000005,1.5041912640339916,2.0,406.0,-0.9369363760000002,407.0,-3.0641840620000003,,,,,,,,
225,hot_tale__hot_ale8_37c,-1.6711126095000002,0.035863431344055986,2.0,408.0,-1.6964718850000002,409.0,-1.645753334,,,,,,,,
226,hot_tale__hot_ale8_44c,1.1929378659999998,0.12509844107500212,2.0,410.0,1.2813958219999997,411.0,1.1044799100000002,,,,,,,,
227,hot_tale__hot_ale9_mid_30c,-2.7536656275,0.03485396711744698,2.0,412.0,-2.7290201510000003,413.0,-2.7783111039999997,,,,,,,,
228,hot_tale__hot_ale9_30c,-2.7216091985000004,0.2895301458663127,2.0,414.0,-2.926337928,415.0,-2.516880469,,,,,,,,
229,hot_tale__hot_ale9_mid_37c,-1.304106815,0.5556793506359249,2.0,416.0,-1.6970314519999998,417.0,-0.9111821780000002,,,,,,,,
230,hot_tale__hot_ale9_37c,-2.3158733,0.12125499752120168,2.0,418.0,-2.2301330690000003,419.0,-2.4016135309999997,,,,,,,,
231,hot_tale__hot_ale9_mid_44c,1.1662452064999997,0.42505283430552687,2.0,420.0,1.4668029479999998,421.0,0.8656874649999997,,,,,,,,
232,hot_tale__hot_ale9_44c,0.8345314409999998,0.12515291375299772,2.0,422.0,0.9230279149999996,423.0,0.7460349669999999,,,,,,,,
233,hot_tale__hot_ale10_30c,-3.1386423194999997,0.11281908139267846,2.0,424.0,-3.2184174569999997,425.0,-3.0588671819999997,,,,,,,,
234,hot_tale__hot_ale10_37c,-2.470698369,0.013413329149643558,2.0,426.0,-2.461213713,427.0,-2.480183025,,,,,,,,
235,hot_tale__hot_ale10_44c,0.14943336949999986,0.10585250274986867,2.0,428.0,0.22428239199999966,429.0,0.07458434700000005,,,,,,,,
236,hot_tale__hot_ale16_30c,-3.074222094,0.006665055583389479,2.0,430.0,-3.069509188,431.0,-3.078935,,,,,,,,
237,hot_tale__hot_ale16_37c,-2.5945415555,0.10997529308021761,2.0,432.0,-2.672305831,433.0,-2.5167772800000003,,,,,,,,
238,hot_tale__hot_ale16_44c,1.2287694185000002,0.015462948158484183,2.0,434.0,1.2397033740000003,435.0,1.217835463,,,,,,,,
239,pdhr_ale__pdhR-13_51,0.01638948699999987,0.012075054612928767,2.0,436.0,0.007851134000000037,437.0,0.0249278399999997,,,,,,,,
240,pdhr_ale__pdhR-14_46,-0.15339008399999998,0.11330830524005768,2.0,438.0,-0.073269013,439.0,-0.233511155,,,,,,,,
241,pdhr_ale__pdhR-15_51,-0.6149382425000003,0.2270297708510423,2.0,440.0,-0.7754725330000003,441.0,-0.4544039520000003,,,,,,,,
242,pdhr_ale__pdhR-16_49,-0.3052073325,0.19340132231587473,2.0,442.0,-0.1684519459999998,443.0,-0.44196271900000017,,,,,,,,
243,tcs__del_atoC_LiAcet,-1.8451175094999999,0.10310694853987788,2.0,444.0,-1.918025132,445.0,-1.7722098869999998,,,,,,,,
244,tcs__del_atoC_LiCl,-1.5008042050000001,0.17708493869890518,2.0,446.0,-1.3755862440000002,447.0,-1.626022166,,,,,,,,
245,tcs__del_atoC_m9,-1.8297217765,0.37506882914481887,2.0,448.0,-1.564508064,449.0,-2.094935489,,,,,,,,
246,tcs__del_baeR_etoh,-3.2184174569999997,0.0,2.0,450.0,-3.2184174569999997,451.0,-3.2184174569999997,,,,,,,,
247,tcs__del_baeR_lb,-2.800133902,0.008245279433208979,2.0,452.0,-2.805964195,453.0,-2.794303609,,,,,,,,
248,tcs__del_btsR_01xlb,-2.6458168505,0.02021892008447336,2.0,454.0,-2.660113786,455.0,-2.631519915,,,,,,,,
249,tcs__del_btsR_lb,-1.7889003165000001,0.05575468026744747,2.0,456.0,-1.828324829,457.0,-1.7494758040000002,,,,,,,,
250,tcs__del_btsR_pyruvate,-2.4669294300000004,0.5850723200614534,2.0,458.0,-2.0532208250000004,459.0,-2.880638035,,,,,,,,
251,tcs__del_cpxR_etoh,-3.2184174569999997,0.0,2.0,460.0,-3.2184174569999997,461.0,-3.2184174569999997,,,,,,,,
252,tcs__del_cpxR_lb,-2.9251171005,0.08405838563768406,2.0,462.0,-2.865678846,463.0,-2.9845553550000004,,,,,,,,
253,tcs__del_cusR_CuSO4,-2.6036090505,0.4619302942504634,2.0,464.0,-2.276975007,465.0,-2.9302430939999997,,,,,,,,
254,tcs__del_cusR_lb,-2.6833547225,0.12583618608591135,2.0,466.0,-2.7723343430000003,467.0,-2.594375102,,,,,,,,
255,tcs__del_kdpE_01-kcl,-1.8564888880000001,0.16522759095019504,2.0,468.0,-1.7396553380000002,469.0,-1.973322438,,,,,,,,
256,tcs__del_kdpE_115-kcl,-1.0873760530000003,0.08604993420922591,2.0,470.0,-1.0265295610000005,471.0,-1.1482225450000003,,,,,,,,
257,tcs__del_phoB_m9,-1.5363346085,0.25135609674362613,2.0,472.0,-1.358599008,473.0,-1.714070209,,,,,,,,
258,tcs__del_phoB_m9p,-1.7441364200000002,0.015355631269410029,2.0,474.0,-1.7549944910000002,475.0,-1.733278349,,,,,,,,
259,tcs__del_rcsB_etoh,-2.6736528655,0.07912901557259781,2.0,476.0,-2.617700202,477.0,-2.7296055289999996,,,,,,,,
260,tcs__del_rcsB_lb,-2.88618968,0.1351771338405294,2.0,478.0,-2.981774348,479.0,-2.7906050120000003,,,,,,,,
261,tcs__del_zraR_lb,-1.5988406729999998,0.15797710044945779,2.0,480.0,-1.487133994,481.0,-1.7105473519999999,,,,,,,,
262,tcs__del_zraR_zncl2,-2.6875357875,0.22539116685115465,2.0,482.0,-2.528160165,483.0,-2.84691141,,,,,,,,
263,tcs__wt_01-kcl,-1.764789898,0.24661824018626377,2.0,484.0,-1.5904044680000002,485.0,-1.939175328,,,,,,,,
264,tcs__wt_01xlb,-3.1340939105,0.11925150308769843,2.0,486.0,-3.2184174569999997,487.0,-3.0497703639999996,,,,,,,,
265,tcs__wt_115-kcl,-1.1615553455000003,0.13038101168439747,2.0,488.0,-1.2537486430000002,489.0,-1.0693620480000003,,,,,,,,
266,tcs__wt_CuSO4,-3.0077259009999997,0.2979628559726902,2.0,490.0,-2.797034345,491.0,-3.2184174569999997,,,,,,,,
267,tcs__wt_etoh,-2.6926708589999997,0.17385488765036697,2.0,492.0,-2.8156048289999998,493.0,-2.569736889,,,,,,,,
268,tcs__wt_lb,-2.614724324,0.1622217479056223,2.0,494.0,-2.500016226,495.0,-2.7294324220000004,,,,,,,,
269,tcs__wt_LiAcet,-1.681435042,0.0390010402017692,2.0,496.0,-1.7090129420000002,497.0,-1.653857142,,,,,,,,
270,tcs__wt_LiCl,-1.5185415765,0.09750573369456991,2.0,498.0,-1.5874885420000002,499.0,-1.4495946110000002,,,,,,,,
271,tcs__wt_m9p,-2.0127008335000003,0.40107198805830874,2.0,500.0,-2.2963015560000004,501.0,-1.7291001110000002,,,,,,,,
272,tcs__wt_pyr,-2.6292759555000003,0.031437328974130374,2.0,502.0,-2.651505504,503.0,-2.6070464070000003,,,,,,,,
273,tcs__wt_zncl2,-2.1281567965000003,0.32020290361247034,2.0,504.0,-1.901739152,505.0,-2.3545744410000005,,,,,,,,
274,ros_tale__0_0_0pq,-0.5573063350000003,0.10627287702417762,2.0,506.0,-0.6324526070000003,507.0,-0.4821600630000002,,,,,,,,
275,ros_tale__0_0_250pq,-2.0934400215,0.10361461019657627,2.0,508.0,-2.020173428,509.0,-2.166706615,,,,,,,,
276,ros_tale__1_mid_250pq,-1.5795044355,0.06132850745290674,2.0,510.0,-1.622870239,511.0,-1.536138632,,,,,,,,
277,ros_tale__1_0_0pq,-1.0820946949999999,0.06555612141381877,2.0,512.0,-1.1284498729999999,513.0,-1.035739517,,,,,,,,
278,ros_tale__1_0_250pq,-1.1020813715000002,0.1565273328510201,2.0,514.0,-1.2127629100000004,515.0,-0.991399833,,,,,,,,
279,ros_tale__1_0_750pq,-2.63409137,0.8263618770838008,2.0,516.0,-2.049765283,517.0,-3.2184174569999997,,,,,,,,
280,ros_tale__1_1_0pq,-2.6134488115,0.13177970001028338,2.0,518.0,-2.7066311310000004,519.0,-2.5202664919999997,,,,,,,,
281,ros_tale__1_1_250pq,-2.7484816475000002,0.21912370326869077,2.0,520.0,-2.593537791,521.0,-2.9034255040000003,,,,,,,,
282,ros_tale__1_1_750pq,-2.814072479,0.20120223958432934,2.0,522.0,-2.9563439469999997,523.0,-2.6718010110000003,,,,,,,,
283,ros_tale__1_2_0pq,-2.532467297,0.17520438397169882,2.0,524.0,-2.656355505,525.0,-2.4085790890000003,,,,,,,,
284,ros_tale__1_2_250pq,-2.6342728854999997,0.40804139512824306,2.0,526.0,-2.345744048,527.0,-2.922801723,,,,,,,,
285,ros_tale__1_2_750pq,-2.3517690945,0.20149234357634002,2.0,528.0,-2.4942456969999998,529.0,-2.2092924920000003,,,,,,,,
286,ros_tale__1_3_0pq,-2.9883924805,0.11299407476467288,2.0,530.0,-2.908493604,531.0,-3.0682913569999997,,,,,,,,
287,ros_tale__1_3_250pq,-2.8433809802499996,0.14572386417335745,4.0,532.0,-3.039685232,533.0,-2.866141867,534.0,-2.751988823,535.0,-2.7157079989999997,,,,
288,ros_tale__1_3_750pq,-2.827644942,0.055576887459706445,2.0,536.0,-2.788346148,537.0,-2.866943736,,,,,,,,
289,ros_tale__1_4_0pq,-2.894563996,0.26186405494412873,2.0,538.0,-2.709398147,539.0,-3.079729845,,,,,,,,
290,ros_tale__1_4_250pq,-2.828835866,0.21743309792900728,2.0,540.0,-2.9825842839999996,541.0,-2.675087448,,,,,,,,
291,ros_tale__1_4_750pq,-2.7681235147500005,0.1452026161671443,4.0,542.0,-2.8248002270000003,543.0,-2.628186372,544.0,-2.9457511490000003,545.0,-2.673756311,,,,
292,ros_tale__2_mid_250pq,-0.7251722145000001,0.08278483682729187,2.0,546.0,-0.6666344950000003,547.0,-0.7837099340000001,,,,,,,,
293,ros_tale__2_0_0pq,-2.931093158,0.406337920445142,2.0,548.0,-2.643768859,549.0,-3.2184174569999997,,,,,,,,
294,ros_tale__2_0_250pq,-1.8321776935000003,0.6934347605565406,2.0,550.0,-2.322510115,551.0,-1.3418452720000005,,,,,,,,
295,ros_tale__2_0_750pq,-2.9044227365,0.1399679611810844,2.0,552.0,-3.003395031,553.0,-2.8054504419999997,,,,,,,,
296,ros_tale__2_1_0pq,-2.4146031509999997,0.034518172713663815,2.0,554.0,-2.3901951169999998,555.0,-2.439011185,,,,,,,,
297,ros_tale__2_1_250pq,-3.06274628,0.22015228978398213,2.0,556.0,-3.2184174569999997,557.0,-2.9070751030000004,,,,,,,,
298,ros_tale__2_1_750pq,-2.758709860333333,0.2305249265371108,3.0,558.0,-2.996200701,559.0,-2.535847596,560.0,-2.744081284,,,,,,
299,ros_tale__2_2_0pq,-2.1506025385000003,0.26711232380356825,2.0,561.0,-2.339479474,562.0,-1.961725603,,,,,,,,
300,ros_tale__2_2_250pq,-2.0606054785,0.3061574365567951,2.0,563.0,-1.844119479,564.0,-2.277091478,,,,,,,,
301,ros_tale__2_2_750pq,-2.2971543490000004,0.004674431200410005,2.0,565.0,-2.300459671,566.0,-2.2938490270000003,,,,,,,,
302,ros_tale__2_3_0pq,-2.5406838855,0.07377934406520212,2.0,567.0,-2.4885140110000004,568.0,-2.59285376,,,,,,,,
303,ros_tale__2_3_250pq,-2.9900720275,0.004959356342355093,2.0,569.0,-2.9865652330000003,570.0,-2.993578822,,,,,,,,
304,ros_tale__2_3_750pq,-2.825862572,0.2544027999535504,2.0,571.0,-3.0057525170000003,572.0,-2.645972627,,,,,,,,
305,ros_tale__3_0_0pq,-2.5628859545000005,0.017035663948500795,2.0,573.0,-2.550839921,574.0,-2.5749319880000003,,,,,,,,
306,ros_tale__3_0_250pq,-2.4956500464999998,0.5835784388993647,2.0,575.0,-2.908302318,576.0,-2.082997775,,,,,,,,
307,ros_tale__3_0_750pq,-2.936121571,0.22933366545839773,2.0,577.0,-3.098284961,578.0,-2.773958181,,,,,,,,
308,ros_tale__3_1_0pq,-1.9286555185,0.03237219060689662,2.0,579.0,-1.951546114,580.0,-1.905764923,,,,,,,,
309,ros_tale__3_1_250pq,-2.223175728,0.11206903555220445,2.0,581.0,-2.143930953,582.0,-2.302420503,,,,,,,,
310,ros_tale__3_1_750pq,-2.6688038685000004,0.21929932737993407,2.0,583.0,-2.513735827,584.0,-2.8238719100000003,,,,,,,,
311,ros_tale__3_2_0pq,-1.5517145752500001,0.11844271129412295,4.0,585.0,-1.511345394,586.0,-1.4505243500000002,587.0,-1.5220020840000001,588.0,-1.7229864730000002,,,,
312,ros_tale__3_2_250pq,-2.5203602480000002,0.03236043212823219,2.0,589.0,-2.543242529,590.0,-2.497477967,,,,,,,,
313,ros_tale__3_2_750pq,-2.7218310275,0.19441055602567203,2.0,591.0,-2.85930005,592.0,-2.584362005,,,,,,,,
314,ros_tale__3_3_0pq,-2.8798912307499998,0.2735848462595351,4.0,593.0,-2.6544113200000004,594.0,-2.985718117,595.0,-2.661018029,596.0,-3.2184174569999997,,,,
315,ros_tale__3_3_250pq,-3.0624710945,0.017622361758559562,2.0,597.0,-3.0500102030000003,598.0,-3.074931986,,,,,,,,
316,ros_tale__3_3_750pq,-2.743412988,0.19073145328020738,2.0,599.0,-2.6085454840000004,600.0,-2.878280492,,,,,,,,
317,ros_tale__3_4_0pq,-2.6927796695,0.21160306403641452,2.0,601.0,-2.543153708,602.0,-2.842405631,,,,,,,,
318,ros_tale__3_4_250pq,-2.3157851660000004,0.20964743224671567,2.0,603.0,-2.464028287,604.0,-2.1675420450000003,,,,,,,,
319,ros_tale__3_4_750pq,-2.482814475,0.15451327989905955,2.0,605.0,-2.592071863,606.0,-2.373557087,,,,,,,,
320,pcoli__atASMT_325G,-0.31773335999999985,0.07001000035232258,2.0,607.0,-0.3672379059999997,608.0,-0.268228814,,,,,,,,
321,pcoli__bpTDC,-0.6785827825000001,0.0654175334344537,2.0,609.0,-0.6323256010000002,610.0,-0.7248399640000001,,,,,,,,
322,pcoli__BRCA,-0.4755490360000001,0.13312053356643874,2.0,611.0,-0.5696794680000004,612.0,-0.38141860399999983,,,,,,,,
323,pcoli__BRCActrl,-1.4678699495,0.284511841567144,2.0,613.0,-1.266689697,614.0,-1.6690502020000002,,,,,,,,
324,pcoli__BRCAswap,-0.8573976244999999,0.21711520605470994,2.0,615.0,-0.70387399,616.0,-1.0109212589999998,,,,,,,,
325,pcoli__btAANAT,-0.7623738355,0.02257560516279171,2.0,617.0,-0.746410472,618.0,-0.7783371990000001,,,,,,,,
326,pcoli__btASMT,-0.6430218105000001,0.11300643781963532,2.0,619.0,-0.563114192,620.0,-0.7229294290000001,,,,,,,,
327,pcoli__CC1,-0.7563496055000001,0.12156564579363341,2.0,621.0,-0.6703897129999999,622.0,-0.8423094980000001,,,,,,,,
328,pcoli__ccCOMT,-0.31654199400000027,0.2188870820051819,2.0,623.0,-0.1617654540000002,624.0,-0.4713185340000003,,,,,,,,
329,pcoli__ckDDC,-1.2882290170000001,0.27488961380603677,2.0,625.0,-1.0938527070000004,626.0,-1.482605327,,,,,,,,
330,pcoli__CNTF_belt,-0.24129255850000006,0.169776254017183,2.0,627.0,-0.12124261800000015,628.0,-0.361342499,,,,,,,,
331,pcoli__cobPNMT,-0.5287920350000002,0.05913350587564066,2.0,629.0,-0.5706057380000003,630.0,-0.4869783320000001,,,,,,,,
332,pcoli__cvPhhB,-0.09801692100000015,0.07776034039404034,2.0,631.0,-0.04303205700000001,632.0,-0.15300178500000028,,,,,,,,
333,pcoli__ggAANAT,-0.29420426499999985,0.04286970059760013,2.0,633.0,-0.26389080899999984,634.0,-0.3245177209999999,,,,,,,,
334,pcoli__ggTPH,-0.6498085759999999,0.2657122021722376,2.0,635.0,-0.4619216759999998,636.0,-0.8376954759999999,,,,,,,,
335,pcoli__hsAANAT,-2.1339548065000002,0.1198041791620874,2.0,637.0,-2.049240459,638.0,-2.218669154,,,,,,,,
336,pcoli__hsASMT,-0.9315867220000003,0.46826846497551217,2.0,639.0,-0.6004709150000003,640.0,-1.2627025290000002,,,,,,,,
337,pcoli__hsPNMT_mb,-0.16744779450000014,0.3146879727650295,2.0,641.0,0.05507020499999982,642.0,-0.3899657940000001,,,,,,,,
338,pcoli__hsTPH,-0.3076455695,0.40992243351648755,2.0,643.0,-0.017786636999999942,644.0,-0.597504502,,,,,,,,
339,pcoli__hsTPH_E2K,-1.0898600735,0.21574369891349335,2.0,645.0,-0.937306241,646.0,-1.242413906,,,,,,,,
340,pcoli__hsTPH_E2K_N91I_P99C,0.09201975149999986,0.13749856328184443,2.0,647.0,0.18924591799999968,648.0,-0.005206414999999964,,,,,,,,
341,pcoli__hsTPH_N158trunc,-1.292629748,0.1793344193181278,2.0,649.0,-1.165821164,650.0,-1.419438332,,,,,,,,
342,pcoli__hsTPH_N174trunc,-0.557183932,0.07853304829974465,2.0,651.0,-0.5016526809999999,652.0,-0.6127151830000002,,,,,,,,
343,pcoli__hsTPH_Ntermtrunc,-0.30292974950000007,0.22507905274636616,2.0,653.0,-0.4620846740000002,654.0,-0.14377482499999994,,,,,,,,
344,pcoli__hsTPH1,-0.865277198,0.14319162069142696,2.0,655.0,-0.966528964,656.0,-0.7640254320000001,,,,,,,,
345,pcoli__MBP,-0.5156710135,0.1718129322648211,2.0,657.0,-0.394180924,658.0,-0.637161103,,,,,,,,
346,pcoli__msCOMT,-0.35928730200000025,0.14051326142463838,2.0,659.0,-0.25992942200000035,660.0,-0.4586451820000002,,,,,,,,
347,pcoli__ocAANAT,-0.5721309000000001,0.0921674614555935,2.0,661.0,-0.6373031370000001,662.0,-0.5069586630000003,,,,,,,,
348,pcoli__osTDC_K374H,-0.6864178480000003,0.2775606361328638,2.0,663.0,-0.8826828560000002,664.0,-0.4901528400000004,,,,,,,,
349,pcoli__osTDC_K374L,-0.08235907250000009,0.17191194984160424,2.0,665.0,0.039201032999999885,666.0,-0.20391917800000006,,,,,,,,
350,pcoli__osTDC_K374Q,-0.6105044195,0.23314929072431909,2.0,667.0,-0.44564297500000016,668.0,-0.7753658639999998,,,,,,,,
351,pcoli__osTDC_L360V,-0.7477941500000003,0.07908461280227332,2.0,669.0,-0.8037154160000002,670.0,-0.6918728840000004,,,,,,,,
352,pcoli__pmTPH,0.09541302949999997,0.22983897739926218,2.0,671.0,0.2579337289999999,672.0,-0.06710766999999995,,,,,,,,
353,pcoli__RFC,-0.4029096299999999,0.10739298649147899,2.0,673.0,-0.478847939,674.0,-0.3269713209999998,,,,,,,,
354,pcoli__RFCctrl,-2.1079519035,0.08505321275392179,2.0,675.0,-2.1680936070000003,676.0,-2.0478102,,,,,,,,
355,pcoli__RFCnopause,-2.3698659915,0.4406695378838324,2.0,677.0,-2.058265573,678.0,-2.68146641,,,,,,,,
356,pcoli__RFCpluspause,-1.9178617175,0.009711454737397518,2.0,679.0,-1.910994682,680.0,-1.924728753,,,,,,,,
357,pcoli__rnCOMT_sol,-2.0870239975000002,0.26816345076172415,2.0,681.0,-1.897403803,682.0,-2.276644192,,,,,,,,
358,pcoli__rnPNMT,-0.5048424390000001,0.026647451985089776,2.0,683.0,-0.4859998450000002,684.0,-0.523685033,,,,,,,,
359,pcoli__rnTDC,-0.35834284000000016,0.19811053397753103,2.0,685.0,-0.21825753800000006,686.0,-0.4984281420000003,,,,,,,,
360,pcoli__rnTDC_trunc,-0.2715128630000001,0.09616266143834518,2.0,687.0,-0.2035155930000001,688.0,-0.3395101330000001,,,,,,,,
361,pcoli__saCOMT_T2A,0.08565032949999996,0.08266112283906919,2.0,689.0,0.027200088999999927,690.0,0.14410056999999998,,,,,,,,
362,pcoli__sfCOMT,-0.3107333090000002,0.3305370040544687,2.0,691.0,-0.077008352,692.0,-0.5444582660000004,,,,,,,,
363,pcoli__sgAANAT_D63G,-0.28325328100000013,0.11969059447850493,2.0,693.0,-0.19861925000000014,694.0,-0.3678873120000001,,,,,,,,
364,pcoli__ssDDC,-0.5932057860000002,0.13856668696569988,2.0,695.0,-0.4952243420000002,696.0,-0.6911872300000002,,,,,,,,
365,pcoli__TP53B,-0.6832802705000003,0.1549640937060845,2.0,697.0,-0.7928564320000002,698.0,-0.5737041090000004,,,,,,,,
366,pcoli__WT,-1.2881868550000002,0.012236028885879893,2.0,699.0,-1.2968390340000002,700.0,-1.279534676,,,,,,,,
367,cck__glu_ale4,-1.286296241,0.18815532609762947,2.0,701.0,-1.153250334,702.0,-1.419342148,,,,,,,,
368,cck__cck_ale1,-1.0308860860000002,0.0283116772920869,2.0,703.0,-1.050905465,704.0,-1.0108667070000004,,,,,,,,
369,cck__cck_ale2,-1.1061741745,0.22515977747071977,2.0,705.0,-0.946962169,706.0,-1.26538618,,,,,,,,
370,cck_pgi__gmos_delpgi,-2.55183898,0.26494940083253776,2.0,707.0,-2.739186498,708.0,-2.3644914619999997,,,,,,,,
371,cck_pgi__pgi_ale1,-0.5987003650000002,0.005105026703241028,2.0,709.0,-0.6023101640000004,710.0,-0.5950905660000001,,,,,,,,
372,cck_pgi__pgi_ale2,-1.294761033,,1.0,711.0,-1.294761033,,,,,,,,,,
373,cck_pgi__pgi_ale3,-1.3281774020000001,0.1841968617263739,2.0,712.0,-1.1979305520000003,713.0,-1.458424252,,,,,,,,
374,cck_pgi__pgi_ale4,-2.1382334193333334,0.38817032621039377,3.0,714.0,-2.468316209,715.0,-1.710589252,716.0,-2.235794797,,,,,,
375,cck_pgi__pgi_ale5,-1.4981408035000001,0.3797884373974791,2.0,717.0,-1.229589824,718.0,-1.7666917830000002,,,,,,,,
376,cck_pgi__pgi_ale6,-1.077652,0.33898096493684154,2.0,719.0,-1.317347739,720.0,-0.837956261,,,,,,,,
377,cck_pgi__pgi_ale7,-1.798783179,0.06777830771128764,2.0,721.0,-1.750856678,722.0,-1.84670968,,,,,,,,
378,cck_pgi__pgi_ale8,-1.3957090995000003,0.21277524908972315,2.0,723.0,-1.2452542780000002,724.0,-1.5461639210000002,,,,,,,,
379,cck_sdh__gmos_delsdhCB,-2.4676658355,0.37801326137965974,2.0,725.0,-2.200370095,726.0,-2.7349615760000003,,,,,,,,
380,cck_sdh__sdh_ale1,-1.9817923310000003,0.3057824712657607,2.0,727.0,-1.7655714720000002,728.0,-2.19801319,,,,,,,,
381,cck_sdh__sdh_ale2,-1.839923894,,1.0,729.0,-1.839923894,,,,,,,,,,
382,cck_sdh__sdh_ale3,-1.937644852,0.37230134973846163,3.0,730.0,-2.3506479560000004,731.0,-1.8344855569999998,732.0,-1.627801043,,,,,,
383,cck_pts__gmos_delptsHIcrr,-2.6232350060000003,0.07224335469429372,2.0,733.0,-2.57215124,734.0,-2.6743187720000003,,,,,,,,
384,cck_pts__pts_ale1,-2.3990201755,0.2515853633895039,2.0,735.0,-2.576917892,736.0,-2.221122459,,,,,,,,
385,cck_pts__pts_ale2,-1.8133940595,0.2634619628274388,2.0,737.0,-1.9996898,738.0,-1.627098319,,,,,,,,
386,cck_pts__pts_ale3,-2.2098445925,0.48340766146580283,2.0,739.0,-2.551665428,740.0,-1.868023757,,,,,,,,
387,cck_pts__pts_ale4,-1.4151743075,0.2671484131194663,2.0,741.0,-1.6040767619999998,742.0,-1.226271853,,,,,,,,
388,cck_gnd__gmos_delgnd,-2.558131368,0.6047665492366171,2.0,743.0,-2.13049684,744.0,-2.985765896,,,,,,,,
389,cck_gnd__gnd_ale1,-1.3168602595000003,0.3979666720601853,2.0,745.0,-1.5982651920000002,746.0,-1.0354553270000002,,,,,,,,
390,cck_gnd__gnd_ale2,-1.1254055410000001,0.20290798902994567,2.0,747.0,-1.2688831560000002,748.0,-0.9819279259999999,,,,,,,,
391,cck_gnd__gnd_ale3,-1.3706856250000001,0.17989664274827655,2.0,749.0,-1.243479489,750.0,-1.4978917610000002,,,,,,,,
392,cck_tpiA__gmos_deltpiA,-1.7660761205,1.4883633667520288,2.0,751.0,-2.81850795,752.0,-0.7136442909999999,,,,,,,,
393,cck_tpiA__tpiA_ale1,-1.5229527630000002,0.21872165154529635,2.0,753.0,-1.3682931999999999,754.0,-1.6776123260000002,,,,,,,,
394,cck_tpiA__tpiA_ale2,-1.9747364260000002,0.11296739067607141,2.0,755.0,-1.894856418,756.0,-2.054616434,,,,,,,,
395,cck_tpiA__tpiA_ale3,-1.9688209200000002,0.38465091869659823,2.0,757.0,-1.6968316470000002,758.0,-2.240810193,,,,,,,,
396,cck_tpiA__tpiA_ale4,-1.5516863695,0.519823510790272,2.0,759.0,-1.919257099,760.0,-1.1841156400000004,,,,,,,,
397,acid_tale__acid_ale1_pH7,0.5037494744999997,0.06875236498004159,2.0,761.0,0.4551342109999998,762.0,0.5523647379999996,,,,,,,,
398,acid_tale__acid_ale1_pH5,-2.4925798885,0.1705287627105762,2.0,763.0,-2.613161933,764.0,-2.371997844,,,,,,,,
399,acid_tale__acid_ale2_pH7,0.08495328699999982,0.15545838750908478,2.0,765.0,-0.02497239300000009,766.0,0.19487896699999974,,,,,,,,
400,acid_tale__acid_ale2_pH5,-1.7196449990000002,1.098591193958668,2.0,767.0,-0.9428237160000004,768.0,-2.496466282,,,,,,,,
401,acid_tale__low_Mg_ale_pH7,-0.06497138350000009,0.42499210231830425,2.0,769.0,0.2355434139999999,770.0,-0.3654861810000001,,,,,,,,
402,acid_tale__low_Mg_ale_pH5,-1.4384409530000002,0.13693740829004253,2.0,771.0,-1.5352703230000002,772.0,-1.3416115830000002,,,,,,,,
403,acid_tale__MES_ale_pH7,-0.239569175,0.24109035089995162,2.0,773.0,-0.41004579700000005,774.0,-0.06909255299999995,,,,,,,,
404,acid_tale__MES_ale_pH5,-1.6984087,0.27737193054616865,2.0,775.0,-1.894540273,776.0,-1.5022771270000002,,,,,,,,
405,acid_tale__gmos_pH7,-0.7152879700000001,0.12153217065150539,2.0,777.0,-0.6293517479999999,778.0,-0.8012241920000003,,,,,,,,
406,acid_tale__gmos_pH5,-1.644710967,0.4621625682214816,2.0,779.0,-1.971509253,780.0,-1.317912681,,,,,,,,
407,adnB__wt_adn,0.1345426084999999,0.47401434184743546,2.0,781.0,-0.200636147,782.0,0.4697213639999998,,,,,,,,
408,adnB__delydhB_adn,0.04392136899999978,0.37027752380008017,2.0,783.0,-0.21790437900000012,784.0,0.3057471169999997,,,,,,,,
409,ytf2__wt_glc,0.3971258769999999,0.08565849262308346,2.0,785.0,0.4576955780000001,786.0,0.33655617599999976,,,,,,,,
410,ytf2__ybcM_glc,-0.8732053125000003,0.07075386749374288,2.0,787.0,-0.9232358520000004,788.0,-0.8231747730000003,,,,,,,,
411,ytf2__ydhB_glc,0.1267475269999998,0.20294356215789355,2.0,789.0,-0.016755242000000337,790.0,0.27025029599999995,,,,,,,,
412,ytf2__yfeC_glc,0.003872236999999945,0.1856977001120831,2.0,791.0,0.1351803399999998,792.0,-0.1274358659999999,,,,,,,,
413,ytf2__yciT_glc,0.3180227524999997,0.11579764425763332,2.0,793.0,0.3999040519999997,794.0,0.2361414529999997,,,,,,,,
414,ytf2__ydiZ_glc,0.4868639779999997,0.11116261658260476,2.0,795.0,0.4082601379999997,796.0,0.5654678179999997,,,,,,,,
415,ytf2__ynfL_glc,0.02229282549999989,0.18986826894053035,2.0,797.0,0.15654996600000004,798.0,-0.11196431500000026,,,,,,,,
416,ytf3__wt_glc2,0.03587238849999985,0.027451935148220374,2.0,799.0,0.055283837999999814,800.0,0.016460938999999897,,,,,,,,
417,ytf3__wt_pH7_lactate,0.07060015899999961,0.22038110953837486,2.0,801.0,0.2264331359999998,802.0,-0.0852328180000006,,,,,,,,
418,ytf3__wt_pH55_lactate,-0.6579818335000001,0.10345755329519343,2.0,803.0,-0.5848262960000001,804.0,-0.731137371,,,,,,,,
419,ytf3__wt_pH55_HCl,-0.9040912155,0.03865983077425474,2.0,805.0,-0.931427844,806.0,-0.8767545870000002,,,,,,,,
420,ytf3__dyieP_pH7,0.03861511699999998,0.13286689719245384,2.0,807.0,0.13256620099999994,808.0,-0.05533596699999999,,,,,,,,
421,ytf3__dyieP_pH55,0.23669553249999975,0.007024296233823807,2.0,809.0,0.2317286049999998,810.0,0.2416624599999997,,,,,,,,
422,minicoli__aldA_f1c2,-3.2184174569999997,,1.0,811.0,-3.2184174569999997,,,,,,,,,,
423,minicoli__aldA_minE,-3.2184174569999997,,1.0,812.0,-3.2184174569999997,,,,,,,,,,
424,minicoli__mg1655_glc,-0.30448786489958235,0.03477422888005028,2.0,813.0,-0.32907695795119896,814.0,-0.2798987718479657,,,,,,,,
425,minicoli__minE_cyt,-3.2184174569999997,0.0,2.0,815.0,-3.2184174569999997,816.0,-3.2184174569999997,,,,,,,,
426,minicoli__minE_fruc,-3.2184174569999997,0.0,2.0,817.0,-3.2184174569999997,818.0,-3.2184174569999997,,,,,,,,
427,minicoli__minE_glc,-3.2184174569999997,0.0,2.0,819.0,-3.2184174569999997,820.0,-3.2184174569999997,,,,,,,,
428,minicoli__minE_glyc,-3.2184174569999997,0.0,2.0,821.0,-3.2184174569999997,822.0,-3.2184174569999997,,,,,,,,
429,minicoli__minE_Fe_starve,-3.2184174569999997,0.0,2.0,823.0,-3.2184174569999997,824.0,-3.2184174569999997,,,,,,,,
430,minicoli__minE_LB,-3.2184174569999997,0.0,2.0,825.0,-3.2184174569999997,826.0,-3.2184174569999997,,,,,,,,
431,minicoli__minE_N_starve,-3.2184174569999997,0.0,2.0,827.0,-3.2184174569999997,828.0,-3.2184174569999997,,,,,,,,
432,minicoli__minE_osm,-3.2184174569999997,0.0,2.0,829.0,-3.2184174569999997,830.0,-3.2184174569999997,,,,,,,,
433,minicoli__minE_ph5,-3.2184174569999997,0.0,2.0,831.0,-3.2184174569999997,832.0,-3.2184174569999997,,,,,,,,
434,minicoli__minE-pyr,-3.2184174569999997,0.0,2.0,833.0,-3.2184174569999997,834.0,-3.2184174569999997,,,,,,,,
435,minicoli__minE_sorb,-3.2184174569999997,0.0,2.0,835.0,-3.2184174569999997,836.0,-3.2184174569999997,,,,,,,,
436,minicoli__minE_urid,-3.2184174569999997,0.0,2.0,837.0,-3.2184174569999997,838.0,-3.2184174569999997,,,,,,,,
437,minicoli__W3110_cyt,-1.5200084919680263,0.07151000842586004,2.0,839.0,-1.5705737038486591,840.0,-1.4694432800873936,,,,,,,,
438,minicoli__W3110_glc,-1.2153015935529345,0.26416434645677866,2.0,841.0,-1.4020939942802353,842.0,-1.0285091928256338,,,,,,,,
439,minicoli__W3110_glyc,-1.369236613994196,0.15673066438429067,2.0,843.0,-1.2584112983881912,844.0,-1.4800619296002009,,,,,,,,
440,minicoli__W3110_Fe_starve,-1.8861869328006848,0.3632217604012552,2.0,845.0,-2.143023502654928,846.0,-1.6293503629464419,,,,,,,,
441,minicoli__W3110_LB,1.0835979883864044,0.1186379369516014,2.0,847.0,1.1674876781108638,848.0,0.999708298661945,,,,,,,,
442,minicoli__W3110_N_starve,-2.182484886223776,0.07461337548122977,2.0,849.0,-2.12972526245378,850.0,-2.2352445099937714,,,,,,,,
443,minicoli__W3110_osm,-0.12919487712783773,0.2022206469268777,2.0,851.0,0.013796713610088052,852.0,-0.2721864678657635,,,,,,,,
444,minicoli__W3110_ph5,-1.1615533724931006,0.02099629912650687,2.0,853.0,-1.1467067470009265,854.0,-1.1763999979852748,,,,,,,,
445,minicoli__W3110_pyr,-1.9907361418447465,0.328116531109484,2.0,855.0,-2.2227495660116694,856.0,-1.7587227176778235,,,,,,,,
446,minicoli__W3110_sorb,-1.8473192191716459,0.06937046852348554,2.0,857.0,-1.7982668904646013,858.0,-1.8963715478786904,,,,,,,,
447,minicoli__W3110_urid,-2.569387235813468,0.33589348715672446,2.0,859.0,-2.331874673288552,860.0,-2.8068997983383848,,,,,,,,
448,minicoli__W3110_WT_glc,0.11760099070509078,0.06354537276429206,2.0,861.0,0.07266762671043292,862.0,0.16253435469974864,,,,,,,,
449,minicoli__W3110_WT_osm,-0.009134611207897173,0.11563400870083235,2.0,863.0,0.07263098048024562,864.0,-0.09090020289603996,,,,,,,,
450,eep__BOP27,-0.2247102083004111,0.023889061355098988,2.0,865.0,-0.2416023255807831,866.0,-0.20781809102003912,,,,,,,,
451,eep__BOP1000,-0.3011597305764484,0.2417087413461563,2.0,867.0,-0.13024584049851606,868.0,-0.4720736206543808,,,,,,,,
452,eep__BOP27_ndh-cydB-appC,-0.5519064363889261,0.10588317796202829,2.0,869.0,-0.4770357232383939,870.0,-0.6267771495394583,,,,,,,,
453,eep__BOP27_ndh-cydB-appC_A9_F46_I1_R1,-0.6248641845777207,0.4046676890701673,2.0,871.0,-0.3387209175091161,872.0,-0.9110074516463254,,,,,,,,
454,eep__BOP27_ndh-cydB-appC_A10_F48_I1_R1,-1.081247077866093,0.2049905221432516,2.0,873.0,-0.9362968895796286,874.0,-1.2261972661525573,,,,,,,,
455,eep__BOP27_ndh-cydB-appC_A11_F46_I1_R1,-0.5327502460592577,0.769780320420054,2.0,875.0,0.011566638533715869,876.0,-1.0770671306522313,,,,,,,,
456,eep__BOP27_ndh-cydB-appC_A12_F46_I1_R1,-0.5040280078043167,0.10599013847781906,2.0,877.0,-0.4290816621477496,878.0,-0.5789743534608838,,,,,,,,
457,eep__BOP27_nuoB-cydB-appC,-1.0071535032954138,0.2518227717033288,2.0,879.0,-0.8290879137667981,880.0,-1.1852190928240294,,,,,,,,
458,eep__BOP27_nuoB_cydB-appC_A13_F59_I1_R1,0.3309689028752034,0.1296236323946306,2.0,881.0,0.2393111534069279,882.0,0.42262665234347896,,,,,,,,
459,eep__BOP27_nuoB_cydB-appC_A14_F58_I1_R1,-0.276075801991269,0.2874854673804367,2.0,883.0,-0.4793587254685598,884.0,-0.0727928785139782,,,,,,,,
460,eep__BOP27_nuoB_cydB-appC_A15_F57_I1_R1,-0.6399723415176988,0.14679061083681116,2.0,885.0,-0.5361757051804741,886.0,-0.7437689778549235,,,,,,,,
461,eep__BOP27_nuoB_cydB-appC_A16_F57_I1_R1,-1.124815762859483,0.4428008467946861,2.0,887.0,-0.811708281375815,888.0,-1.437923244343151,,,,,,,,
462,eep__BOP27_ndh-cyoB,0.38796217996327864,0.10487947275563939,2.0,889.0,0.46212316635606104,890.0,0.3138011935704963,,,,,,,,
463,eep__BOP27_ndh-cyoB_A5_F59_I1_R1,-0.19859361151056332,0.8183654522338197,2.0,891.0,0.3800781492527663,892.0,-0.7772653722738929,,,,,,,,
464,eep__BOP27_ndh-cyoB_A6_F58_I1_R1,-0.00032183746522496115,0.07061040463061971,2.0,893.0,-0.05025093340186215,894.0,0.04960725847141223,,,,,,,,
465,eep__BOP27_ndh-cyoB_A7_F56_I1_R1,-1.2684706984819578,0.44034258201750537,2.0,895.0,-1.5798399242717294,896.0,-0.9571014726921864,,,,,,,,
466,eep__BOP27_ndh-cyoB_A8_F59_I1_R1,-2.052488192456628,0.5459916131660741,2.0,897.0,-2.438562564597341,898.0,-1.6664138203159145,,,,,,,,
467,eep__BOP27_nuoB-cyoB,0.03801757637850534,0.033555112216716476,2.0,899.0,0.014290528986589557,900.0,0.06174462377042113,,,,,,,,
468,eep__BOP27_nuoB-cyoB_A9_F63_I1_R1,-2.131230165514073,0.2108500967917294,2.0,901.0,-1.9821366322588012,902.0,-2.2803236987693447,,,,,,,,
469,eep__BOP27_nuoB-cyoB_A10_F64_I1_R1,-2.30481416244517,0.17587706513864262,2.0,903.0,-2.180450297030448,904.0,-2.4291780278598925,,,,,,,,
470,eep__BOP27_nuoB-cyoB_A11_F64_I1_R1,-0.5657140358053627,0.042824053654128724,2.0,905.0,-0.5354328570686318,906.0,-0.5959952145420937,,,,,,,,
471,eep__BOP27_nuoB-cyoB_A12_F63_I1_R1,-2.1034839740807856,0.08884110083960799,2.0,907.0,-2.1663041189325503,908.0,-2.040663829229021,,,,,,,,
472,eep__BOP27_ndh-cydB,0.7101084608276591,0.0748529164393321,2.0,909.0,0.6571794560218174,910.0,0.7630374656335008,,,,,,,,
473,eep__BOP27_nuoB-cydB,-0.04270241485628401,0.6656616462418996,2.0,911.0,0.4279914491771639,912.0,-0.5133962788897319,,,,,,,,
474,DDB2__PD-005_BW25113_Batch_6h,-2.8570001954377995,0.04771370834538512,2.0,913.0,-2.8232615087112207,914.0,-2.8907388821643787,,,,,,,,
475,DDB2__PD-003_BW25113_Batch_9h,-2.845351955813837,0.0038138975236712063,2.0,915.0,-2.8480487886155754,916.0,-2.8426551230120984,,,,,,,,
476,DDB2__PD-003_BW25113_Fed-batch_6h,-2.945271038255706,0.3862873699018202,2.0,917.0,-3.2184174569999997,918.0,-2.672124619511413,,,,,,,,
477,DDB2__PD-005_BW25113_Fed-batch_6h,-2.9788882106831616,0.4148768245194443,3.0,919.0,-3.2184174569999997,920.0,-3.2184174569999997,921.0,-2.499829718049485,,,,,,
478,DDB2__PD-005_BW25113_Fed-batch_15h,-2.705904955390385,0.04030459587965374,2.0,922.0,-2.7344046084498714,923.0,-2.6774053023308984,,,,,,,,
479,DDB2__PD-003_BW25113_Fed-batch_21h,-2.772539483846243,0.6305666767974692,2.0,924.0,-2.3266615106924866,925.0,-3.2184174569999997,,,,,,,,
480,DDB2__PD-004_del-basS_Batch_6h,-2.301101878476435,0.43678842848521776,2.0,926.0,-2.609957938202148,927.0,-1.9922458187507224,,,,,,,,
481,DDB2__PD-004_del-basS_Fed-batch_6h,-2.7915399989646508,0.174027434176424,2.0,928.0,-2.6684840201460056,929.0,-2.9145959777832955,,,,,,,,
482,DDB2__PD-004_del-basS_Fed-batch_15h,-2.4871395565372563,0.2897970115873939,2.0,930.0,-2.2822221244762138,931.0,-2.6920569885982992,,,,,,,,
483,DDB2__PD-004_del-kdpE_Batch_6h,-2.947667801022031,0.3828978354918931,2.0,932.0,-3.2184174569999997,933.0,-2.6769181450440622,,,,,,,,
484,DDB2__PD-004_del-kdpE_Fed-batch_6h,-2.6989042275834585,0.18637516207019572,2.0,934.0,-2.8306913685280355,935.0,-2.567117086638881,,,,,,,,
485,DDB2__PD-004_del-kdpE_Fed-batch_15h,-2.8779108293720777,0.07039482169363727,2.0,936.0,-2.9276874851520662,937.0,-2.8281341735920886,,,,,,,,
486,DDB2__PD-005_del-phoB_Batch_6h,-2.6676010911876973,0.4825069555306062,3.0,938.0,-3.2184174569999997,939.0,-2.3196397519035483,940.0,-2.4647460646595434,,,,,,
487,DDB2__PD-003_del-phoB_Batch_9h,-2.50377157384383,0.21586595737486672,2.0,941.0,-2.6564118561309247,942.0,-2.3511312915567357,,,,,,,,
488,DDB2__PD-003_del-phoB_Fed-batch_6h,-3.2184174569999997,0.0,2.0,943.0,-3.2184174569999997,944.0,-3.2184174569999997,,,,,,,,
489,DDB2__PD-005_del-phoB_Fed-batch_6h,-2.698492607395913,0.3940635656967586,2.0,945.0,-2.4198475878731847,946.0,-2.977137626918642,,,,,,,,
490,DDB2__PD-005_del-phoB_Fed-batch_15h,-3.2184174569999997,0.0,2.0,947.0,-3.2184174569999997,948.0,-3.2184174569999997,,,,,,,,
491,DDB2__PD-003_del-phoB_Fed-batch_21h,-2.5594390323428025,0.3178443448110578,2.0,949.0,-2.7841889239204964,950.0,-2.334689140765108,,,,,,,,
492,DDB2__PD-004_del-qseB_Batch_6h,-2.672151141727527,,1.0,951.0,-2.672151141727527,,,,,,,,,,
493,DDB2__PD-004_del-qseB_Fed-batch_6h,-2.560175641323836,0.09804940864074502,2.0,952.0,-2.6295070430650376,953.0,-2.4908442395826342,,,,,,,,
494,DDB2__PD-004_del-qseB_Fed-batch_15h,-2.703226180707854,0.728590490148657,2.0,954.0,-2.188034904415708,955.0,-3.2184174569999997,,,,,,,,
495,DDB2__PD-004_del-qseC_Batch_6h,-2.5066951424280672,0.30047015361689644,2.0,956.0,-2.719159625594738,957.0,-2.294230659261396,,,,,,,,
496,DDB2__PD-004_del-qseC_Fed-batch_6h,-2.828983213341785,0.19477241349246538,2.0,958.0,-2.9667081077103776,959.0,-2.6912583189731927,,,,,,,,
497,DDB2__PD-004_del-qseC_Fed-batch_15h,-2.6680660880500318,0.3837538298343152,2.0,960.0,-2.9394210234321845,961.0,-2.396711152667879,,,,,,,,
498,DDB2__PD-005_del-qseF_Batch_6h,-2.599994170183157,0.20145846502233192,2.0,962.0,-2.457541523438433,963.0,-2.7424468169278806,,,,,,,,
499,DDB2__PD-003_del-qseF_Batch_6h,-3.003627782895654,0.30375847017606267,2.0,964.0,-2.7888381087913086,965.0,-3.2184174569999997,,,,,,,,
500,DDB2__PD-003_del-qseF_Fed-batch_6h,-2.9310246339396584,0.19849449292095694,2.0,966.0,-2.7906678319670646,967.0,-3.071381435912252,,,,,,,,
501,DDB2__PD-005_del-qseF_Fed-batch_6h,-3.1010550792822866,0.20327760110416854,3.0,968.0,-3.2184174569999997,969.0,-3.2184174569999997,970.0,-2.8663303238468605,,,,,,
502,DDB2__PD-005_del-qseF_Fed-batch_15h,-3.0154354583823677,0.2870598953626523,2.0,971.0,-2.8124534597647353,972.0,-3.2184174569999997,,,,,,,,
503,DDB2__PD-003_del-qseF_Fed-batch_21h,-2.479167272385139,0.3226179060469149,2.0,973.0,-2.251041963287161,974.0,-2.707292581483117,,,,,,,,
504,DDB2__PD-005_MG1655-del-fhuA_Batch_6h,-2.7783194554996027,0.39780921847599504,3.0,975.0,-3.2184174569999997,976.0,-2.672233107013203,977.0,-2.4443078024856058,,,,,,
505,DDB2__PD-005_MG1655-del-fhuA_Fed-batch_6h,-2.8901392239384993,0.30197810446142415,2.0,978.0,-2.6766084585039667,979.0,-3.103669989373032,,,,,,,,
506,DDB2__PD-005_MG1655-del-fhuA_Fed-batch_15h,-2.6399503708747427,0.3150223851493334,2.0,980.0,-2.4171959061100887,981.0,-2.8627048356393967,,,,,,,,
507,DDB3__PD-009_del-arcA_Batch_6h,-1.8718691622246657,0.5973592628203565,2.0,982.0,-1.4494723766797946,983.0,-2.294265947769537,,,,,,,,
508,DDB3__PD-009_del-arcA_Fed-batch_6h,-2.799637010102062,0.5922449876597295,2.0,984.0,-2.380856563204124,985.0,-3.2184174569999997,,,,,,,,
509,DDB3__PD-009_del-arcA_Fed-batch_15h,-2.5402089223786426,0.008759689312322539,2.0,986.0,-2.546402958092473,987.0,-2.534014886664812,,,,,,,,
510,DDB3__PD-006_del-baeR_Batch_12h,-2.870293302073236,0.49232190128710146,2.0,988.0,-3.2184174569999997,989.0,-2.5221691471464727,,,,,,,,
511,DDB3__PD-009_del-baeR_Batch_12h,-3.2184174569999997,0.0,2.0,990.0,-3.2184174569999997,991.0,-3.2184174569999997,,,,,,,,
512,DDB3__PD-006_del-baeR_Fed-batch_12h,-2.5343536655439856,0.08624592018261777,2.0,992.0,-2.473368590533183,993.0,-2.5953387405547885,,,,,,,,
513,DDB3__PD-009_del-baeR_Fed-batch_12h,-2.4477411073912125,0.3709469052411868,2.0,994.0,-2.7100401795474194,995.0,-2.1854420352350057,,,,,,,,
514,DDB3__PD-009_del-baeR_Fed-batch_18h,-2.3574588248145933,,1.0,996.0,-2.3574588248145933,,,,,,,,,,
515,DDB3__PD-006_del-lsrB_Batch_6h,-2.564498860682974,0.9247805475995149,2.0,997.0,-3.2184174569999997,998.0,-1.9105802643659482,,,,,,,,
516,DDB3__PD-006_del-lsrB_Fed-batch_6h,-2.843624285201235,0.33194884981157735,3.0,999.0,-2.725780540156809,1000.0,-3.2184174569999997,1001.0,-2.5866748584468944,,,,,,
517,DDB3__PD-006_del-lsrB_Fed-batch_15h,-2.616460457603934,0.8512957525113293,2.0,1002.0,-2.014503458207868,1003.0,-3.2184174569999997,,,,,,,,
518,DDB3__PD-009_del-lsrK_Batch_6h,-2.601655742647624,0.20068433789943377,2.0,1004.0,-2.743560998854246,1005.0,-2.459750486441002,,,,,,,,
519,DDB3__PD-009_del-lsrK_Fed-batch_6h,-2.8976323904467356,0.453658591726382,2.0,1006.0,-3.2184174569999997,1007.0,-2.5768473238934715,,,,,,,,
520,DDB3__PD-009_del-lsrK_Fed-batch_15h,-2.5011365897863227,0.4549917818425959,3.0,1008.0,-1.976900929369121,1009.0,-2.7332502402110026,1010.0,-2.793258599778844,,,,,,
521,DDB3__PD-006_del-lsrR_Batch_6h,-2.5946032405198203,0.40191006581621413,2.0,1011.0,-2.3104099075540434,1012.0,-2.8787965734855967,,,,,,,,
522,DDB3__PD-006_del-lsrR_Fed-batch_6h,-2.51120550589675,0.16991726303171908,2.0,1013.0,-2.631355154827137,1014.0,-2.3910558569663634,,,,,,,,
523,DDB3__PD-006_del-lsrR_Fed-batch_15h,-2.776110377729624,0.0648205758479591,3.0,1015.0,-2.7857320368503067,1016.0,-2.83558232043437,1017.0,-2.707016775904196,,,,,,
524,DDB3__PD-009_del-luxS_Batch_6h,-2.3736815048264184,0.13512992284733819,2.0,1018.0,-2.2781302200398503,1019.0,-2.469232789612986,,,,,,,,
525,DDB3__PD-009_del-luxS_Fed-batch_6h,-2.7764344746195206,0.6250583280205819,2.0,1020.0,-2.334451492239042,1021.0,-3.2184174569999997,,,,,,,,
526,DDB3__PD-009_del-luxS_Fed-batch_15h,-2.9873046641887044,0.3268428460316569,2.0,1022.0,-2.756191871377409,1023.0,-3.2184174569999997,,,,,,,,
527,DDB3__PD-006_del-rpoS_Batch_9h,-2.3363022490182717,0.05076365770128232,2.0,1024.0,-2.3004069224198624,1025.0,-2.3721975756166813,,,,,,,,
528,DDB3__PD-006_del-rpoS_Fed-batch_6h,-3.1192737404702133,0.1717219542807958,3.0,1026.0,-2.9209863074106415,1027.0,-3.2184174569999997,1028.0,-3.2184174569999997,,,,,,
529,DDB3__PD-006_del-rpoS_Fed-batch_15h,-3.2184174569999997,0.0,2.0,1029.0,-3.2184174569999997,1030.0,-3.2184174569999997,,,,,,,,
530,DDB3__PD-009_del-tnaA_Batch_6h,-3.2184174569999997,,1.0,1031.0,-3.2184174569999997,,,,,,,,,,
531,DDB3__PD-009_del-tnaA_Fed-batch_6h,-3.2184174569999997,,1.0,1032.0,-3.2184174569999997,,,,,,,,,,
532,DDB3__PD-009_del-tnaA_Fed-batch_15h,-2.682594847329991,0.3166349868692295,2.0,1033.0,-2.906489593706137,1034.0,-2.4587001009538456,,,,,,,,
